0 1 1
0 3 1
0 5 1
0 7 1
0 9 1
0 11 1
0 13 1
0 15 1
0 17 1
0 19 1
0 21 1
0 23 1
0 25 1
0 27 1
0 29 1
0 31 1
0 33 1
0 35 1
0 37 1
0 39 1
0 41 1
0 43 1
0 45 1
0 47 1
0 49 1
0 51 1
0 53 1
0 55 1
0 57 1
0 59 1
0 61 1
0 63 1
1 1 0.540302
1 3 0.731761
1 5 0.846009
1 7 0.912396
1 9 0.950415
1 11 0.972014
1 13 0.98423
1 15 0.991122
1 17 0.995004
1 19 0.99719
1 21 0.998419
1 23 0.999111
1 25 0.9995
1 27 0.999719
1 29 0.999842
1 31 0.999911
1 33 0.99995
1 35 0.999972
1 37 0.999984
1 39 0.999991
1 41 0.999995
1 43 0.999997
1 45 0.999998
1 47 0.999999
1 49 1
1 51 1
1 53 1
1 55 1
1 57 1
1 59 1
1 61 1
1 63 1
2 1 -0.416147
2 3 0.0709483
2 5 0.431463
2 7 0.664932
2 9 0.806578
2 11 0.889624
2 13 0.937418
2 15 0.964645
2 17 0.980067
2 19 0.988774
2 21 0.993682
2 23 0.996446
2 25 0.998001
2 27 0.998875
2 29 0.999368
2 31 0.999644
2 33 0.9998
2 35 0.999888
2 37 0.999937
2 39 0.999964
2 41 0.99998
2 43 0.999989
2 45 0.999994
2 47 0.999996
2 49 0.999998
2 51 0.999999
2 53 0.999999
2 55 1
2 57 1
2 59 1
2 61 1
2 63 1
3 1 -0.989992
3 3 -0.627927
3 5 -0.115966
3 7 0.300967
3 9 0.582754
3 11 0.757441
3 13 0.861041
3 15 0.921039
3 17 0.955337
3 19 0.974801
3 21 0.985803
3 23 0.992008
3 25 0.995503
3 27 0.997471
3 29 0.998577
3 31 0.9992
3 33 0.99955
3 35 0.999747
3 37 0.999858
3 39 0.99992
3 41 0.999955
3 43 0.999975
3 45 0.999986
3 47 0.999992
3 49 0.999996
3 51 0.999997
3 53 0.999999
3 55 0.999999
3 57 1
3 59 1
3 61 1
3 63 1
4 1 -0.653644
4 3 -0.989933
4 5 -0.62768
4 7 -0.11573
4 9 0.301137
4 11 0.582862
4 13 0.757506
4 15 0.861079
4 17 0.921061
4 19 0.955349
4 21 0.974808
4 23 0.985807
4 25 0.992011
4 27 0.995505
4 29 0.997471
4 31 0.998578
4 33 0.9992
4 35 0.99955
4 37 0.999747
4 39 0.999858
4 41 0.99992
4 43 0.999955
4 45 0.999975
4 47 0.999986
4 49 0.999992
4 51 0.999996
4 53 0.999997
4 55 0.999999
4 57 0.999999
4 59 1
4 61 1
4 63 1
5 1 0.283662
5 3 -0.820862
5 5 -0.946079
5 7 -0.51215
5 9 -0.0103423
5 11 0.375661
5 13 0.63008
5 15 0.785829
5 17 0.877583
5 19 0.930527
5 21 0.960731
5 23 0.977854
5 25 0.987526
5 27 0.992979
5 29 0.99605
5 31 0.997778
5 33 0.99875
5 35 0.999297
5 37 0.999605
5 39 0.999778
5 41 0.999875
5 43 0.99993
5 45 0.99996
5 47 0.999978
5 49 0.999987
5 51 0.999993
5 53 0.999996
5 55 0.999998
5 57 0.999999
5 59 0.999999
5 61 1
5 63 1
6 1 0.96017
6 3 -0.211416
6 5 -0.973104
6 7 -0.818837
6 9 -0.320796
6 11 0.147433
6 13 0.482782
6 15 0.696626
6 17 0.825336
6 19 0.900475
6 21 0.943617
6 23 0.968161
6 25 0.982054
6 27 0.989895
6 29 0.994313
6 31 0.996801
6 33 0.998201
6 35 0.998988
6 37 0.999431
6 39 0.99968
6 41 0.99982
6 43 0.999899
6 45 0.999943
6 47 0.999968
6 49 0.999982
6 51 0.99999
6 53 0.999994
6 55 0.999997
6 57 0.999998
6 59 0.999999
6 61 0.999999
6 63 1
7 1 0.753902
7 3 0.511449
7 5 -0.70043
7 7 -0.982058
7 9 -0.599437
7 11 -0.0890472
7 13 0.320257
7 15 0.595053
7 17 0.764842
7 19 0.865361
7 21 0.923519
7 23 0.956748
7 25 0.9756
7 27 0.986254
7 29 0.992262
7 31 0.995646
7 33 0.997551
7 35 0.998623
7 37 0.999225
7 39 0.999564
7 41 0.999755
7 43 0.999862
7 45 0.999923
7 47 0.999956
7 49 0.999976
7 51 0.999986
7 53 0.999992
7 55 0.999996
7 57 0.999998
7 59 0.999999
7 61 0.999999
7 63 1
8 1 -0.1455
8 3 0.959933
8 5 -0.212037
8 7 -0.973213
8 9 -0.818632
8 11 -0.320543
8 13 0.147631
8 15 0.482914
8 17 0.696707
8 19 0.825383
8 21 0.900502
8 23 0.943633
8 25 0.96817
8 27 0.982059
8 29 0.989898
8 31 0.994315
8 33 0.996802
8 35 0.998201
8 37 0.998988
8 39 0.999431
8 41 0.99968
8 43 0.99982
8 45 0.999899
8 47 0.999943
8 49 0.999968
8 51 0.999982
8 53 0.99999
8 55 0.999994
8 57 0.999997
8 59 0.999998
8 61 0.999999
8 63 0.999999
9 1 -0.91113
9 3 0.893434
9 5 0.34166
9 7 -0.793854
9 9 -0.956644
9 11 -0.534098
9 13 -0.0296508
9 15 0.3622
9 17 0.62161
9 19 0.780766
9 21 0.874638
9 23 0.92884
9 25 0.959773
9 27 0.977311
9 29 0.98722
9 31 0.992807
9 33 0.995953
9 35 0.997723
9 37 0.99872
9 39 0.99928
9 41 0.999595
9 43 0.999772
9 45 0.999872
9 47 0.999928
9 49 0.99996
9 51 0.999977
9 53 0.999987
9 55 0.999993
9 57 0.999996
9 59 0.999998
9 61 0.999999
9 63 0.999999
10 1 -0.839072
10 3 0.347627
10 5 0.790132
10 7 -0.475405
10 9 -0.999786
10 11 -0.717758
10 13 -0.205998
10 15 0.235055
10 17 0.540302
10 19 0.731761
10 21 0.846009
10 23 0.912396
10 25 0.950415
10 27 0.972014
10 29 0.98423
10 31 0.991122
10 33 0.995004
10 35 0.99719
10 37 0.998419
10 39 0.999111
10 41 0.9995
10 43 0.999719
10 45 0.999842
10 47 0.999911
10 49 0.99995
10 51 0.999972
10 53 0.999984
10 55 0.999991
10 57 0.999995
10 59 0.999997
10 61 0.999998
10 63 0.999999
11 1 0.0044257
11 3 -0.384674
11 5 0.995257
11 7 -0.0736607
11 9 -0.94378
11 11 -0.861245
11 13 -0.375847
11 15 0.103736
11 17 0.453596
11 19 0.678642
11 21 0.814705
11 23 0.894329
11 25 0.940108
11 27 0.966171
11 29 0.980929
11 31 0.989261
11 33 0.993956
11 35 0.9966
11 37 0.998087
11 39 0.998924
11 41 0.999395
11 43 0.99966
11 45 0.999809
11 47 0.999892
11 49 0.99994
11 51 0.999966
11 53 0.999981
11 55 0.999989
11 57 0.999994
11 59 0.999997
11 61 0.999998
11 63 0.999999
12 1 0.843854
12 3 -0.910606
12 5 0.893862
12 7 0.340989
12 9 -0.794179
12 11 -0.956527
12 13 -0.533843
12 15 -0.0294251
12 17 0.362358
12 19 0.621709
12 21 0.780826
12 23 0.874673
12 25 0.92886
12 27 0.959784
12 29 0.977318
12 31 0.987224
12 33 0.992809
12 35 0.995954
12 37 0.997724
12 39 0.99872
12 41 0.99928
12 43 0.999595
12 45 0.999772
12 47 0.999872
12 49 0.999928
12 51 0.99996
12 53 0.999977
12 55 0.999987
12 57 0.999993
12 59 0.999996
12 61 0.999998
12 63 0.999999
13 1 0.907447
13 3 -0.948018
13 5 0.517173
13 7 0.695895
13 9 -0.565821
13 11 -0.998271
13 13 -0.675002
13 15 -0.162064
13 17 0.267499
13 19 0.561282
13 21 0.744478
13 23 0.853461
13 25 0.916683
13 27 0.952857
13 29 0.973398
13 31 0.985011
13 33 0.991562
13 35 0.995252
13 37 0.997329
13 39 0.998498
13 41 0.999155
13 43 0.999525
13 45 0.999733
13 47 0.99985
13 49 0.999915
13 51 0.999952
13 53 0.999973
13 55 0.999985
13 57 0.999992
13 59 0.999995
13 61 0.999997
13 63 0.999999
14 1 0.136737
14 3 -0.476839
14 5 -0.0187958
14 7 0.928874
14 9 -0.28135
14 11 -0.984141
14 13 -0.794871
14 15 -0.291824
14 17 0.169967
14 19 0.497699
14 21 0.705776
14 23 0.830732
14 25 0.90359
14 27 0.945395
14 29 0.969169
14 31 0.982623
14 33 0.990216
14 35 0.994494
14 37 0.996903
14 39 0.998258
14 41 0.99902
14 43 0.999449
14 45 0.99969
14 47 0.999826
14 49 0.999902
14 51 0.999945
14 53 0.999969
14 55 0.999983
14 57 0.99999
14 59 0.999995
14 61 0.999997
14 63 0.999998
15 1 -0.759688
15 3 0.250154
15 5 -0.548976
15 7 0.999107
15 9 0.0310225
15 11 -0.914928
15 13 -0.88967
15 15 -0.416403
15 17 0.0707372
15 19 0.43132
15 21 0.664844
15 23 0.806526
15 25 0.889594
15 27 0.937401
15 29 0.964635
15 31 0.980061
15 33 0.988771
15 35 0.99368
15 37 0.996445
15 39 0.998
15 41 0.998875
15 43 0.999367
15 45 0.999644
15 47 0.9998
15 49 0.999888
15 51 0.999937
15 53 0.999964
15 55 0.99998
15 57 0.999989
15 59 0.999994
15 61 0.999996
15 63 0.999998
16 1 -0.957659
16 3 0.842945
16 5 -0.910081
16 7 0.894288
16 9 0.340318
16 11 -0.794504
16 13 -0.95641
16 15 -0.533589
16 17 -0.0291995
16 19 0.362516
16 21 0.621809
16 23 0.780885
16 25 0.874707
16 27 0.92888
16 29 0.959795
16 31 0.977324
16 33 0.987227
16 35 0.992811
16 37 0.995955
16 39 0.997725
16 41 0.99872
16 43 0.99928
16 45 0.999595
16 47 0.999772
16 49 0.999872
16 51 0.999928
16 53 0.99996
16 55 0.999977
16 57 0.999987
16 59 0.999993
16 61 0.999996
16 63 0.999998
17 1 -0.275163
17 3 0.983514
17 5 -0.990898
17 7 0.632782
17 9 0.615865
17 11 -0.629612
17 13 -0.992985
17 15 -0.641299
17 17 -0.128844
17 19 0.291674
17 21 0.576808
17 23 0.753857
17 25 0.858947
17 27 0.919836
17 29 0.954652
17 31 0.974414
17 33 0.985585
17 35 0.991885
17 37 0.995434
17 39 0.997431
17 41 0.998555
17 43 0.999188
17 45 0.999543
17 47 0.999743
17 49 0.999856
17 51 0.999919
17 53 0.999954
17 55 0.999974
17 57 0.999986
17 59 0.999992
17 61 0.999995
17 63 0.999997
18 1 0.660317
18 3 0.59645
18 5 -0.766536
18 7 0.260408
18 9 0.830336
18 11 -0.429479
18 13 -0.998242
18 15 -0.737622
18 17 -0.227202
18 19 0.219192
18 21 0.529984
18 23 0.725488
18 25 0.842327
18 27 0.910276
18 29 0.949207
18 31 0.97133
18 33 0.983844
18 35 0.990904
18 37 0.994882
18 39 0.997121
18 41 0.99838
18 43 0.999089
18 45 0.999488
18 47 0.999712
18 49 0.999838
18 51 0.999909
18 53 0.999949
18 55 0.999971
18 57 0.999984
18 59 0.999991
18 61 0.999995
18 63 0.999997
19 1 0.988705
19 3 -0.110596
19 5 -0.306096
19 7 -0.157592
19 9 0.962464
19 11 -0.205309
19 13 -0.972014
19 15 -0.820848
19 17 -0.32329
19 19 0.145479
19 21 0.481485
19 23 0.695829
19 25 0.824865
19 27 0.900203
19 29 0.943462
19 31 0.968073
19 33 0.982004
19 35 0.989867
19 37 0.994298
19 39 0.996792
19 41 0.998196
19 43 0.998985
19 45 0.999429
19 47 0.999679
19 49 0.99982
19 51 0.999898
19 53 0.999943
19 55 0.999968
19 57 0.999982
19 59 0.99999
19 61 0.999994
19 63 0.999997
20 1 0.408082
20 3 -0.75831
20 5 0.248617
20 7 -0.547981
20 9 0.999144
20 11 0.0303538
20 13 -0.91513
20 15 -0.889499
20 17 -0.416147
20 19 0.0709483
20 21 0.431463
20 23 0.664932
20 25 0.806578
20 27 0.889624
20 29 0.937418
20 31 0.964645
20 33 0.980067
20 35 0.988774
20 37 0.993682
20 39 0.996446
20 41 0.998001
20 43 0.998875
20 45 0.999368
20 47 0.999644
20 49 0.9998
20 51 0.999888
20 53 0.999937
20 55 0.999964
20 57 0.99998
20 59 0.999989
20 61 0.999994
20 63 0.999996
21 1 -0.547729
21 3 -0.999207
21 5 0.72676
21 7 -0.842359
21 9 0.93674
21 11 0.264317
21 13 -0.829383
21 15 -0.942355
21 17 -0.504846
21 19 -0.0039815
21 21 0.380077
21 23 0.632854
21 25 0.787485
21 27 0.878545
21 29 0.931078
21 31 0.961045
21 33 0.978031
21 35 0.987626
21 37 0.993035
21 39 0.996081
21 41 0.997796
21 43 0.99876
21 45 0.999303
21 47 0.999608
21 49 0.99978
21 51 0.999876
21 53 0.99993
21 55 0.999961
21 57 0.999978
21 59 0.999988
21 61 0.999993
21 63 0.999996
22 1 -0.999961
22 3 -0.704052
22 5 0.981075
22 7 -0.989148
22 9 0.78144
22 11 0.483486
22 13 -0.717478
22 15 -0.978478
22 17 -0.588501
22 19 -0.0788889
22 21 0.32749
22 23 0.59965
22 25 0.767605
22 27 0.866972
22 29 0.924444
22 31 0.957273
22 33 0.975897
22 35 0.986422
22 37 0.992357
22 39 0.9957
22 41 0.997581
22 43 0.998639
22 45 0.999235
22 47 0.99957
22 49 0.999758
22 51 0.999864
22 53 0.999923
22 55 0.999957
22 57 0.999976
22 59 0.999986
22 61 0.999992
22 63 0.999996
23 1 -0.532833
23 3 -0.0311877
23 5 0.933236
23 7 -0.962631
23 9 0.548645
23 11 0.675594
23 13 -0.582943
23 15 -0.997227
23 17 -0.666276
23 19 -0.153353
23 21 0.273867
23 23 0.56538
23 25 0.746956
23 27 0.854912
23 29 0.917517
23 31 0.953332
23 33 0.973666
23 35 0.985163
23 37 0.991647
23 39 0.9953
23 41 0.997356
23 43 0.998513
23 45 0.999164
23 47 0.99953
23 49 0.999736
23 51 0.999851
23 53 0.999916
23 55 0.999953
23 57 0.999974
23 59 0.999985
23 61 0.999992
23 63 0.999995
24 1 0.424179
24 3 0.658408
24 5 0.597977
24 7 -0.767453
24 9 0.261441
24 11 0.829889
24 13 -0.430023
24 15 -0.998268
24 17 -0.737394
24 19 -0.226955
24 21 0.219378
24 23 0.530105
24 25 0.725561
24 27 0.84237
24 29 0.9103
24 31 0.949221
24 33 0.971338
24 35 0.983848
24 37 0.990906
24 39 0.994883
24 41 0.997121
24 43 0.998381
24 45 0.999089
24 47 0.999488
24 49 0.999712
24 51 0.999838
24 53 0.999909
24 55 0.999949
24 57 0.999971
24 59 0.999984
24 61 0.999991
24 63 0.999995
25 1 0.991203
25 3 0.994782
25 5 0.0785528
25 7 -0.43781
25 9 -0.0516895
25 11 0.937733
25 13 -0.26354
25 15 -0.981584
25 17 -0.801144
25 19 -0.299281
25 21 0.164196
25 23 0.493888
25 25 0.703441
25 27 0.829355
25 29 0.902796
25 31 0.944942
25 33 0.968912
25 35 0.982478
25 37 0.990134
25 39 0.994448
25 41 0.996877
25 43 0.998243
25 45 0.999012
25 47 0.999444
25 49 0.999687
25 51 0.999824
25 53 0.999901
25 55 0.999944
25 57 0.999969
25 59 0.999982
25 61 0.99999
25 63 0.999994
