0 1 1
0 3 1
0 5 1
0 7 1
0 9 1
0 11 1
0 13 1
0 15 1
0 17 1
0 19 1
0 21 1
0 23 1
0 25 1
0 27 1
0 29 1
0 31 1
0 33 1
0 35 1
0 37 1
0 39 1
0 41 1
0 43 1
0 45 1
0 47 1
0 49 1
0 51 1
0 53 1
0 55 1
0 57 1
0 59 1
0 61 1
0 63 1
0 65 1
0 67 1
0 69 1
0 71 1
0 73 1
0 75 1
0 77 1
0 79 1
0 81 1
0 83 1
0 85 1
0 87 1
0 89 1
0 91 1
0 93 1
0 95 1
0 97 1
0 99 1
0 101 1
0 103 1
0 105 1
0 107 1
0 109 1
0 111 1
0 113 1
0 115 1
0 117 1
0 119 1
0 121 1
0 123 1
0 125 1
0 127 1
1 1 0.540302
1 3 0.647906
1 5 0.731761
1 7 0.796458
1 9 0.846009
1 11 0.883756
1 13 0.912396
1 15 0.934062
1 17 0.950415
1 19 0.962739
1 21 0.972014
1 23 0.978989
1 25 0.98423
1 27 0.988167
1 29 0.991122
1 31 0.99334
1 33 0.995004
1 35 0.996253
1 37 0.99719
1 39 0.997892
1 41 0.998419
1 43 0.998815
1 45 0.999111
1 47 0.999333
1 49 0.9995
1 51 0.999625
1 53 0.999719
1 55 0.999789
1 57 0.999842
1 59 0.999881
1 61 0.999911
1 63 0.999933
1 65 0.99995
1 67 0.999963
1 69 0.999972
1 71 0.999979
1 73 0.999984
1 75 0.999988
1 77 0.999991
1 79 0.999993
1 81 0.999995
1 83 0.999996
1 85 0.999997
1 87 0.999998
1 89 0.999998
1 91 0.999999
1 93 0.999999
1 95 0.999999
1 97 1
1 99 1
1 101 1
1 103 1
1 105 1
1 107 1
1 109 1
1 111 1
1 113 1
1 115 1
1 117 1
1 119 1
1 121 1
1 123 1
1 125 1
1 127 1
2 1 -0.416147
2 3 -0.160436
2 5 0.0709483
2 7 0.26869
2 9 0.431463
2 11 0.562049
2 13 0.664932
2 15 0.744942
2 17 0.806578
2 19 0.853733
2 21 0.889624
2 23 0.91684
2 25 0.937418
2 27 0.952946
2 29 0.964645
2 31 0.973448
2 33 0.980067
2 35 0.98504
2 37 0.988774
2 39 0.991578
2 41 0.993682
2 43 0.995261
2 45 0.996446
2 47 0.997334
2 49 0.998001
2 51 0.998501
2 53 0.998875
2 55 0.999157
2 57 0.999368
2 59 0.999526
2 61 0.999644
2 63 0.999733
2 65 0.9998
2 67 0.99985
2 69 0.999888
2 71 0.999916
2 73 0.999937
2 75 0.999953
2 77 0.999964
2 79 0.999973
2 81 0.99998
2 83 0.999985
2 85 0.999989
2 87 0.999992
2 89 0.999994
2 91 0.999995
2 93 0.999996
2 95 0.999997
2 97 0.999998
2 99 0.999999
2 101 0.999999
2 103 0.999999
2 105 0.999999
2 107 1
2 109 1
2 111 1
2 113 1
2 115 1
2 117 1
2 119 1
2 121 1
2 123 1
2 125 1
2 127 1
3 1 -0.989992
3 3 -0.855801
3 5 -0.627927
3 7 -0.368457
3 9 -0.115966
3 11 0.109673
3 13 0.300967
3 15 0.457582
3 17 0.582754
3 19 0.681105
3 21 0.757441
3 23 0.816163
3 25 0.861041
3 27 0.895173
3 29 0.921039
3 31 0.940589
3 33 0.955337
3 35 0.966444
3 37 0.974801
3 39 0.981084
3 41 0.985803
3 43 0.989348
3 45 0.992008
3 47 0.994005
3 49 0.995503
3 51 0.996627
3 53 0.997471
3 55 0.998103
3 57 0.998577
3 59 0.998933
3 61 0.9992
3 63 0.9994
3 65 0.99955
3 67 0.999663
3 69 0.999747
3 71 0.99981
3 73 0.999858
3 75 0.999893
3 77 0.99992
3 79 0.99994
3 81 0.999955
3 83 0.999966
3 85 0.999975
3 87 0.999981
3 89 0.999986
3 91 0.999989
3 93 0.999992
3 95 0.999994
3 97 0.999996
3 99 0.999997
3 101 0.999997
3 103 0.999998
3 105 0.999999
3 107 0.999999
3 109 0.999999
3 111 0.999999
3 113 1
3 115 1
3 117 1
3 119 1
3 121 1
3 123 1
3 125 1
3 127 1
4 1 -0.653644
4 3 -0.948521
4 5 -0.989933
4 7 -0.855611
4 9 -0.62768
4 11 -0.368201
4 13 -0.11573
4 15 0.109878
4 17 0.301137
4 19 0.457719
4 21 0.582862
4 23 0.68119
4 25 0.757506
4 27 0.816213
4 29 0.861079
4 31 0.895202
4 33 0.921061
4 35 0.940606
4 37 0.955349
4 39 0.966454
4 41 0.974808
4 43 0.981089
4 45 0.985807
4 47 0.989351
4 49 0.992011
4 51 0.994007
4 53 0.995505
4 55 0.996628
4 57 0.997471
4 59 0.998103
4 61 0.998578
4 63 0.998933
4 65 0.9992
4 67 0.9994
4 69 0.99955
4 71 0.999663
4 73 0.999747
4 75 0.99981
4 77 0.999858
4 79 0.999893
4 81 0.99992
4 83 0.99994
4 85 0.999955
4 87 0.999966
4 89 0.999975
4 91 0.999981
4 93 0.999986
4 95 0.999989
4 97 0.999992
4 99 0.999994
4 101 0.999996
4 103 0.999997
4 105 0.999997
4 107 0.999998
4 109 0.999999
4 111 0.999999
4 113 0.999999
4 115 0.999999
4 117 1
4 119 1
4 121 1
4 123 1
4 125 1
4 127 1
5 1 0.283662
5 3 -0.373303
5 5 -0.820862
5 7 -0.994459
5 9 -0.946079
5 11 -0.760473
5 13 -0.51215
5 15 -0.252317
5 17 -0.0103423
5 19 0.200224
5 21 0.375661
5 23 0.517592
5 25 0.63008
5 27 0.717936
5 29 0.785829
5 31 0.83789
5 33 0.877583
5 35 0.907719
5 37 0.930527
5 39 0.947749
5 41 0.960731
5 43 0.970504
5 45 0.977854
5 47 0.983377
5 49 0.987526
5 51 0.990641
5 53 0.992979
5 55 0.994733
5 57 0.99605
5 59 0.997037
5 61 0.997778
5 63 0.998334
5 65 0.99875
5 67 0.999063
5 69 0.999297
5 71 0.999473
5 73 0.999605
5 75 0.999704
5 77 0.999778
5 79 0.999833
5 81 0.999875
5 83 0.999906
5 85 0.99993
5 87 0.999947
5 89 0.99996
5 91 0.99997
5 93 0.999978
5 95 0.999983
5 97 0.999987
5 99 0.999991
5 101 0.999993
5 103 0.999995
5 105 0.999996
5 107 0.999997
5 109 0.999998
5 111 0.999998
5 113 0.999999
5 115 0.999999
5 117 0.999999
5 119 0.999999
5 121 1
5 123 1
5 125 1
5 127 1
6 1 0.96017
6 3 0.46479
6 5 -0.211416
6 7 -0.728479
6 9 -0.973104
6 11 -0.975944
6 13 -0.818837
6 15 -0.581237
6 17 -0.320796
6 19 -0.0721926
6 21 0.147433
6 23 0.332244
6 25 0.482782
6 27 0.602668
6 29 0.696626
6 31 0.769417
6 33 0.825336
6 35 0.868028
6 37 0.900475
6 39 0.92505
6 41 0.943617
6 43 0.957618
6 45 0.968161
6 47 0.976093
6 49 0.982054
6 51 0.986532
6 53 0.989895
6 55 0.992419
6 57 0.994313
6 59 0.995735
6 61 0.996801
6 63 0.997601
6 65 0.998201
6 67 0.99865
6 69 0.998988
6 71 0.999241
6 73 0.999431
6 75 0.999573
6 77 0.99968
6 79 0.99976
6 81 0.99982
6 83 0.999865
6 85 0.999899
6 87 0.999924
6 89 0.999943
6 91 0.999957
6 93 0.999968
6 95 0.999976
6 97 0.999982
6 99 0.999987
6 101 0.99999
6 103 0.999992
6 105 0.999994
6 107 0.999996
6 109 0.999997
6 111 0.999998
6 113 0.999998
6 115 0.999999
6 117 0.999999
6 119 0.999999
6 121 0.999999
6 123 1
6 125 1
6 127 1
7 1 0.753902
7 3 0.975583
7 5 0.511449
7 7 -0.165946
7 9 -0.70043
7 11 -0.964519
7 13 -0.982058
7 15 -0.833506
7 17 -0.599437
7 19 -0.339229
7 21 -0.0890472
7 23 0.132934
7 25 0.320257
7 27 0.473137
7 29 0.595053
7 31 0.690694
7 33 0.764842
7 35 0.821833
7 37 0.865361
7 39 0.898451
7 41 0.923519
7 43 0.942462
7 45 0.956748
7 47 0.967506
7 49 0.9756
7 51 0.981684
7 53 0.986254
7 55 0.989686
7 57 0.992262
7 59 0.994196
7 61 0.995646
7 63 0.996735
7 65 0.997551
7 67 0.998163
7 69 0.998623
7 71 0.998967
7 73 0.999225
7 75 0.999419
7 77 0.999564
7 79 0.999673
7 81 0.999755
7 83 0.999816
7 85 0.999862
7 87 0.999897
7 89 0.999923
7 91 0.999942
7 93 0.999956
7 95 0.999967
7 97 0.999976
7 99 0.999982
7 101 0.999986
7 103 0.99999
7 105 0.999992
7 107 0.999994
7 109 0.999996
7 111 0.999997
7 113 0.999998
7 115 0.999998
7 117 0.999999
7 119 0.999999
7 121 0.999999
7 123 0.999999
7 125 1
7 127 1
8 1 -0.1455
8 3 0.799383
8 5 0.959933
8 7 0.464141
8 9 -0.212037
8 11 -0.728855
8 13 -0.973213
8 15 -0.975854
8 17 -0.818632
8 19 -0.580986
8 21 -0.320543
8 23 -0.0719614
8 25 0.147631
8 27 0.332408
8 29 0.482914
8 31 0.602772
8 33 0.696707
8 35 0.769479
8 37 0.825383
8 39 0.868065
8 41 0.900502
8 43 0.925071
8 45 0.943633
8 47 0.95763
8 49 0.96817
8 51 0.976099
8 53 0.982059
8 55 0.986536
8 57 0.989898
8 59 0.992421
8 61 0.994315
8 63 0.995736
8 65 0.996802
8 67 0.997601
8 69 0.998201
8 71 0.998651
8 73 0.998988
8 75 0.999241
8 77 0.999431
8 79 0.999573
8 81 0.99968
8 83 0.99976
8 85 0.99982
8 87 0.999865
8 89 0.999899
8 91 0.999924
8 93 0.999943
8 95 0.999957
8 97 0.999968
8 99 0.999976
8 101 0.999982
8 103 0.999987
8 105 0.99999
8 107 0.999992
8 109 0.999994
8 111 0.999996
8 113 0.999997
8 115 0.999998
8 117 0.999998
8 119 0.999999
8 121 0.999999
8 123 0.999999
8 125 0.999999
8 127 1
9 1 -0.91113
9 3 0.0602662
9 5 0.893434
9 7 0.905283
9 9 0.34166
9 11 -0.323741
9 13 -0.793854
9 15 -0.98951
9 17 -0.956644
9 19 -0.779446
9 21 -0.534098
9 23 -0.273833
9 25 -0.0296508
9 27 0.183811
9 29 0.3622
9 31 0.506821
9 33 0.62161
9 35 0.711358
9 37 0.780766
9 39 0.834019
9 41 0.874638
9 43 0.905487
9 45 0.92884
9 47 0.946477
9 49 0.959773
9 51 0.969783
9 53 0.977311
9 55 0.98297
9 57 0.98722
9 59 0.990411
9 61 0.992807
9 63 0.994604
9 65 0.995953
9 67 0.996964
9 69 0.997723
9 71 0.998293
9 73 0.99872
9 75 0.99904
9 77 0.99928
9 79 0.99946
9 81 0.999595
9 83 0.999696
9 85 0.999772
9 87 0.999829
9 89 0.999872
9 91 0.999904
9 93 0.999928
9 95 0.999946
9 97 0.99996
9 99 0.99997
9 101 0.999977
9 103 0.999983
9 105 0.999987
9 107 0.99999
9 109 0.999993
9 111 0.999995
9 113 0.999996
9 115 0.999997
9 117 0.999998
9 119 0.999998
9 121 0.999999
9 123 0.999999
9 125 0.999999
9 127 0.999999
10 1 -0.839072
10 3 -0.721289
10 5 0.347627
10 7 0.977899
10 9 0.790132
10 11 0.156639
10 13 -0.475405
10 15 -0.872672
10 17 -0.999786
10 19 -0.919821
10 21 -0.717758
10 23 -0.464198
10 25 -0.205998
10 27 0.0308649
10 29 0.235055
10 31 0.404118
10 33 0.540302
10 35 0.647906
10 37 0.731761
10 39 0.796458
10 41 0.846009
10 43 0.883756
10 45 0.912396
10 47 0.934062
10 49 0.950415
10 51 0.962739
10 53 0.972014
10 55 0.978989
10 57 0.98423
10 59 0.988167
10 61 0.991122
10 63 0.99334
10 65 0.995004
10 67 0.996253
10 69 0.99719
10 71 0.997892
10 73 0.998419
10 75 0.998815
10 77 0.999111
10 79 0.999333
10 81 0.9995
10 83 0.999625
10 85 0.999719
10 87 0.999789
10 89 0.999842
10 91 0.999881
10 93 0.999911
10 95 0.999933
10 97 0.99995
10 99 0.999963
10 101 0.999972
10 103 0.999979
10 105 0.999984
10 107 0.999988
10 109 0.999991
10 111 0.999993
10 113 0.999995
10 115 0.999996
10 117 0.999997
10 119 0.999998
10 121 0.999998
10 123 0.999999
10 125 0.999999
10 127 0.999999
11 1 0.0044257
11 3 -0.994921
11 5 -0.384674
11 7 0.652428
11 9 0.995257
11 11 0.600602
11 13 -0.0736607
11 15 -0.640749
11 17 -0.94378
11 19 -0.991648
11 21 -0.861245
11 23 -0.635056
11 25 -0.375847
11 27 -0.122812
11 29 0.103736
11 31 0.296032
11 33 0.453596
11 35 0.579598
11 37 0.678642
11 39 0.755539
11 41 0.814705
11 43 0.85993
11 45 0.894329
11 47 0.920401
11 49 0.940108
11 51 0.954973
11 53 0.966171
11 55 0.974596
11 57 0.980929
11 59 0.985687
11 61 0.989261
11 63 0.991943
11 65 0.993956
11 67 0.995467
11 69 0.9966
11 71 0.99745
11 73 0.998087
11 75 0.998566
11 77 0.998924
11 79 0.999193
11 81 0.999395
11 83 0.999546
11 85 0.99966
11 87 0.999745
11 89 0.999809
11 91 0.999857
11 93 0.999892
11 95 0.999919
11 97 0.99994
11 99 0.999955
11 101 0.999966
11 103 0.999974
11 105 0.999981
11 107 0.999986
11 109 0.999989
11 111 0.999992
11 113 0.999994
11 115 0.999995
11 117 0.999997
11 119 0.999997
11 121 0.999998
11 123 0.999999
11 125 0.999999
11 127 0.999999
12 1 0.843854
12 3 -0.567941
12 5 -0.910606
12 7 0.0613635
12 9 0.893862
12 11 0.904933
12 13 0.340989
12 15 -0.324326
12 17 -0.794179
12 19 -0.989576
12 21 -0.956527
12 23 -0.779228
12 25 -0.533843
12 27 -0.273582
12 29 -0.0294251
12 31 0.184003
12 33 0.362358
12 35 0.506947
12 37 0.621709
12 39 0.711435
12 41 0.780826
12 43 0.834065
12 45 0.874673
12 47 0.905513
12 49 0.92886
12 51 0.946492
12 53 0.959784
12 55 0.969791
12 57 0.977318
12 59 0.982975
12 61 0.987224
12 63 0.990414
12 65 0.992809
12 67 0.994606
12 69 0.995954
12 71 0.996965
12 73 0.997724
12 75 0.998293
12 77 0.99872
12 79 0.99904
12 81 0.99928
12 83 0.99946
12 85 0.999595
12 87 0.999696
12 89 0.999772
12 91 0.999829
12 93 0.999872
12 95 0.999904
12 97 0.999928
12 99 0.999946
12 101 0.99996
12 103 0.99997
12 105 0.999977
12 107 0.999983
12 109 0.999987
12 111 0.99999
12 113 0.999993
12 115 0.999995
12 117 0.999996
12 119 0.999997
12 121 0.999998
12 123 0.999998
12 125 0.999999
12 127 0.999999
13 1 0.907447
13 3 0.258976
13 5 -0.948018
13 7 -0.554681
13 9 0.517173
13 11 0.998877
13 13 0.695895
13 15 0.0348676
13 17 -0.565821
13 19 -0.913759
13 21 -0.998271
13 23 -0.890656
13 25 -0.675002
13 27 -0.417878
13 29 -0.162064
13 31 0.0695236
13 33 0.267499
13 35 0.430496
13 37 0.561282
13 39 0.664332
13 41 0.744478
13 43 0.806222
13 45 0.853461
13 47 0.889418
13 49 0.916683
13 51 0.9373
13 53 0.952857
13 55 0.964578
13 57 0.973398
13 59 0.980029
13 61 0.985011
13 63 0.988753
13 65 0.991562
13 67 0.99367
13 69 0.995252
13 71 0.996439
13 73 0.997329
13 75 0.997997
13 77 0.998498
13 79 0.998873
13 81 0.999155
13 83 0.999366
13 85 0.999525
13 87 0.999644
13 89 0.999733
13 91 0.9998
13 93 0.99985
13 95 0.999887
13 97 0.999915
13 99 0.999937
13 101 0.999952
13 103 0.999964
13 105 0.999973
13 107 0.99998
13 109 0.999985
13 111 0.999989
13 113 0.999992
13 115 0.999994
13 117 0.999995
13 119 0.999996
13 121 0.999997
13 123 0.999998
13 125 0.999999
13 127 0.999999
14 1 0.136737
14 3 0.903525
14 5 -0.476839
14 7 -0.944924
14 9 -0.0187958
14 11 0.860595
14 13 0.928874
14 15 0.389463
14 17 -0.28135
14 19 -0.769847
14 21 -0.984141
14 23 -0.964657
14 25 -0.794871
14 27 -0.552283
14 29 -0.291824
14 31 -0.0458823
14 33 0.169967
14 35 0.35082
14 37 0.497699
14 39 0.614429
14 41 0.705776
14 43 0.776468
14 45 0.830732
14 47 0.872137
14 49 0.90359
14 51 0.927406
14 53 0.945395
14 55 0.958958
14 57 0.969169
14 59 0.97685
14 61 0.982623
14 63 0.98696
14 65 0.990216
14 67 0.99266
14 69 0.994494
14 71 0.99587
14 73 0.996903
14 75 0.997677
14 77 0.998258
14 79 0.998693
14 81 0.99902
14 83 0.999265
14 85 0.999449
14 87 0.999587
14 89 0.99969
14 91 0.999768
14 93 0.999826
14 95 0.999869
14 97 0.999902
14 99 0.999927
14 101 0.999945
14 103 0.999959
14 105 0.999969
14 107 0.999977
14 109 0.999983
14 111 0.999987
14 113 0.99999
14 115 0.999993
14 117 0.999995
14 119 0.999996
14 121 0.999997
14 123 0.999998
14 125 0.999998
14 127 0.999999
15 1 -0.759688
15 3 0.911823
15 5 0.250154
15 7 -0.950503
15 9 -0.548976
15 11 0.522234
15 13 0.999107
15 15 0.692698
15 17 0.0310225
15 19 -0.568564
15 21 -0.914928
15 23 -0.998121
15 25 -0.88967
15 27 -0.673618
15 29 -0.416403
15 31 -0.160677
15 33 0.0707372
15 35 0.268514
15 37 0.43132
15 39 0.561936
15 41 0.664844
15 43 0.744873
15 45 0.806526
15 47 0.853693
15 49 0.889594
15 51 0.916816
15 53 0.937401
15 55 0.952933
15 57 0.964635
15 59 0.97344
15 61 0.980061
15 63 0.985035
15 65 0.988771
15 67 0.991576
15 69 0.99368
15 71 0.99526
15 73 0.996445
15 75 0.997333
15 77 0.998
15 79 0.9985
15 81 0.998875
15 83 0.999156
15 85 0.999367
15 87 0.999526
15 89 0.999644
15 91 0.999733
15 93 0.9998
15 95 0.99985
15 97 0.999888
15 99 0.999916
15 101 0.999937
15 103 0.999953
15 105 0.999964
15 107 0.999973
15 109 0.99998
15 111 0.999985
15 113 0.999989
15 115 0.999992
15 117 0.999994
15 119 0.999995
15 121 0.999996
15 123 0.999997
15 125 0.999998
15 127 0.999999
16 1 -0.957659
16 3 0.278025
16 5 0.842945
16 7 -0.569147
16 9 -0.910081
16 11 0.0624605
16 13 0.894288
16 15 0.904582
16 17 0.340318
16 19 -0.324911
16 21 -0.794504
16 23 -0.989643
16 25 -0.95641
16 27 -0.77901
16 29 -0.533589
16 31 -0.273332
16 33 -0.0291995
16 35 0.184196
16 37 0.362516
16 39 0.507073
16 41 0.621809
16 43 0.711512
16 45 0.780885
16 47 0.83411
16 49 0.874707
16 51 0.905539
16 53 0.92888
16 55 0.946507
16 57 0.959795
16 59 0.9698
16 61 0.977324
16 63 0.982979
16 65 0.987227
16 67 0.990417
16 69 0.992811
16 71 0.994607
16 73 0.995955
16 75 0.996966
16 77 0.997725
16 79 0.998294
16 81 0.99872
16 83 0.99904
16 85 0.99928
16 87 0.99946
16 89 0.999595
16 91 0.999696
16 93 0.999772
16 95 0.999829
16 97 0.999872
16 99 0.999904
16 101 0.999928
16 103 0.999946
16 105 0.99996
16 107 0.99997
16 109 0.999977
16 111 0.999983
16 113 0.999987
16 115 0.99999
16 117 0.999993
16 119 0.999995
16 121 0.999996
16 123 0.999997
16 125 0.999998
16 127 0.999998
17 1 -0.275163
17 3 -0.551554
17 5 0.983514
17 7 0.0438993
17 9 -0.990898
17 11 -0.411835
17 13 0.632782
17 15 0.997172
17 17 0.615865
17 19 -0.0570446
17 21 -0.629612
17 23 -0.939578
17 25 -0.992985
17 27 -0.865966
17 29 -0.641299
17 31 -0.382345
17 33 -0.128844
17 35 0.098497
17 37 0.291674
17 39 0.450073
17 41 0.576808
17 43 0.676465
17 45 0.753857
17 47 0.813416
17 49 0.858947
17 51 0.893583
17 53 0.919836
17 55 0.939681
17 57 0.954652
17 59 0.965929
17 61 0.974414
17 63 0.980792
17 65 0.985585
17 67 0.989184
17 69 0.991885
17 71 0.993913
17 73 0.995434
17 75 0.996575
17 77 0.997431
17 79 0.998074
17 81 0.998555
17 83 0.998917
17 85 0.999188
17 87 0.999391
17 89 0.999543
17 91 0.999657
17 93 0.999743
17 95 0.999807
17 97 0.999856
17 99 0.999892
17 101 0.999919
17 103 0.999939
17 105 0.999954
17 107 0.999966
17 109 0.999974
17 111 0.999981
17 113 0.999986
17 115 0.999989
17 117 0.999992
17 119 0.999994
17 121 0.999995
17 123 0.999997
17 125 0.999997
17 127 0.999998
18 1 0.660317
18 3 -0.992736
18 5 0.59645
18 7 0.639075
18 9 -0.766536
18 11 -0.790383
18 13 0.260408
18 15 0.958258
18 17 0.830336
18 19 0.215073
18 21 -0.429479
18 23 -0.850031
18 25 -0.998242
18 27 -0.932427
18 29 -0.737622
18 31 -0.486266
18 33 -0.227202
18 35 0.0120603
18 37 0.219192
18 39 0.391176
18 41 0.529984
18 43 0.639813
18 45 0.725488
18 47 0.791637
18 49 0.842327
18 51 0.880957
18 53 0.910276
18 55 0.932459
18 57 0.949207
18 59 0.961829
18 61 0.97133
18 63 0.978475
18 65 0.983844
18 67 0.987876
18 69 0.990904
18 71 0.993176
18 73 0.994882
18 75 0.996161
18 77 0.997121
18 79 0.99784
18 81 0.99838
18 83 0.998785
18 85 0.999089
18 87 0.999317
18 89 0.999488
18 91 0.999616
18 93 0.999712
18 95 0.999784
18 97 0.999838
18 99 0.999879
18 101 0.999909
18 103 0.999932
18 105 0.999949
18 107 0.999962
18 109 0.999971
18 111 0.999978
18 113 0.999984
18 115 0.999988
18 117 0.999991
18 119 0.999993
18 121 0.999995
18 123 0.999996
18 125 0.999997
18 127 0.999998
19 1 0.988705
19 3 -0.734845
19 5 -0.110596
19 7 0.974093
19 9 -0.306096
19 11 -0.985177
19 13 -0.157592
19 15 0.792973
19 17 0.962464
19 19 0.471163
19 21 -0.205309
19 23 -0.724764
19 25 -0.972014
19 27 -0.97682
19 29 -0.820848
19 31 -0.583709
19 33 -0.32329
19 35 -0.0744669
19 37 0.145479
19 39 0.33063
19 41 0.481485
19 43 0.601644
19 45 0.695829
19 47 0.768802
19 49 0.824865
19 51 0.86767
19 53 0.900203
19 55 0.924845
19 57 0.943462
19 59 0.957501
19 61 0.968073
19 63 0.976026
19 65 0.982004
19 67 0.986495
19 69 0.989867
19 71 0.992398
19 73 0.994298
19 75 0.995723
19 77 0.996792
19 79 0.997594
19 81 0.998196
19 83 0.998647
19 85 0.998985
19 87 0.999239
19 89 0.999429
19 91 0.999572
19 93 0.999679
19 95 0.999759
19 97 0.99982
19 99 0.999865
19 101 0.999898
19 103 0.999924
19 105 0.999943
19 107 0.999957
19 109 0.999968
19 111 0.999976
19 113 0.999982
19 115 0.999986
19 117 0.99999
19 119 0.999992
19 121 0.999994
19 123 0.999996
19 125 0.999997
19 127 0.999998
20 1 0.408082
20 3 0.0405158
20 5 -0.75831
20 7 0.912574
20 9 0.248617
20 11 -0.950929
20 13 -0.547981
20 15 0.523113
20 17 0.999144
20 19 0.69214
20 21 0.0303538
20 23 -0.569041
20 25 -0.91513
20 27 -0.998095
20 29 -0.889499
20 31 -0.673377
20 33 -0.416147
20 35 -0.160436
20 37 0.0709483
20 39 0.26869
20 41 0.431463
20 43 0.562049
20 45 0.664932
20 47 0.744942
20 49 0.806578
20 51 0.853733
20 53 0.889624
20 55 0.91684
20 57 0.937418
20 59 0.952946
20 61 0.964645
20 63 0.973448
20 65 0.980067
20 67 0.98504
20 69 0.988774
20 71 0.991578
20 73 0.993682
20 75 0.995261
20 77 0.996446
20 79 0.997334
20 81 0.998001
20 83 0.998501
20 85 0.998875
20 87 0.999157
20 89 0.999368
20 91 0.999526
20 93 0.999644
20 95 0.999733
20 97 0.9998
20 99 0.99985
20 101 0.999888
20 103 0.999916
20 105 0.999937
20 107 0.999953
20 109 0.999964
20 111 0.999973
20 113 0.99998
20 115 0.999985
20 117 0.999989
20 119 0.999992
20 121 0.999994
20 123 0.999995
20 125 0.999996
20 127 0.999997
21 1 -0.547729
21 3 0.787345
21 5 -0.999207
21 7 0.47956
21 9 0.72676
21 11 -0.695601
21 13 -0.842359
21 15 0.184266
21 17 0.93674
21 19 0.861538
21 21 0.264317
21 23 -0.389406
21 25 -0.829383
21 27 -0.995748
21 29 -0.942355
21 31 -0.754076
21 33 -0.504846
21 35 -0.245203
21 37 -0.0039815
21 39 0.205618
21 41 0.380077
21 43 0.521122
21 45 0.632854
21 47 0.720089
21 49 0.787485
21 51 0.839155
21 53 0.878545
21 55 0.908448
21 57 0.931078
21 59 0.948165
21 61 0.961045
21 63 0.97074
21 65 0.978031
21 67 0.98351
21 69 0.987626
21 71 0.990716
21 73 0.993035
21 75 0.994776
21 77 0.996081
21 79 0.997061
21 81 0.997796
21 83 0.998347
21 85 0.99876
21 87 0.99907
21 89 0.999303
21 91 0.999477
21 93 0.999608
21 95 0.999706
21 97 0.99978
21 99 0.999835
21 101 0.999876
21 103 0.999907
21 105 0.99993
21 107 0.999948
21 109 0.999961
21 111 0.999971
21 113 0.999978
21 115 0.999983
21 117 0.999988
21 119 0.999991
21 121 0.999993
21 123 0.999995
21 125 0.999996
21 127 0.999997
22 1 -0.999961
22 3 0.979736
22 5 -0.704052
22 7 -0.148676
22 9 0.981075
22 11 -0.278555
22 13 -0.989148
22 15 -0.178881
22 17 0.78144
22 19 0.966733
22 21 0.483486
22 23 -0.193407
22 25 -0.717478
22 27 -0.969834
22 29 -0.978478
22 31 -0.82473
22 33 -0.588501
22 35 -0.328132
22 37 -0.0788889
22 39 0.141678
22 41 0.32749
22 43 0.478958
22 45 0.59965
22 47 0.694276
22 49 0.767605
22 51 0.823948
22 53 0.866972
22 55 0.899673
22 57 0.924444
22 59 0.94316
22 61 0.957273
22 63 0.967902
22 65 0.975897
22 67 0.981907
22 69 0.986422
22 71 0.989812
22 73 0.992357
22 75 0.994267
22 77 0.9957
22 79 0.996775
22 81 0.997581
22 83 0.998186
22 85 0.998639
22 87 0.99898
22 89 0.999235
22 91 0.999426
22 93 0.99957
22 95 0.999677
22 97 0.999758
22 99 0.999819
22 101 0.999864
22 103 0.999898
22 105 0.999923
22 107 0.999943
22 109 0.999957
22 111 0.999968
22 113 0.999976
22 115 0.999982
22 117 0.999986
22 119 0.99999
22 121 0.999992
22 123 0.999994
22 125 0.999996
22 127 0.999997
23 1 -0.532833
23 3 0.482208
23 5 -0.0311877
23 7 -0.716387
23 9 0.933236
23 11 0.203253
23 13 -0.962631
23 15 -0.518438
23 17 0.548645
23 19 0.999885
23 21 0.675594
23 23 0.0107184
23 25 -0.582943
23 27 -0.920968
23 29 -0.997227
23 31 -0.884398
23 33 -0.666276
23 35 -0.408602
23 37 -0.153353
23 39 0.0771419
23 41 0.273867
23 43 0.43566
23 45 0.56538
23 47 0.667537
23 49 0.746956
23 51 0.808124
23 53 0.854912
23 55 0.890519
23 57 0.917517
23 59 0.93793
23 61 0.953332
23 63 0.964935
23 65 0.973666
23 67 0.980231
23 69 0.985163
23 71 0.988867
23 73 0.991647
23 75 0.993734
23 77 0.9953
23 79 0.996475
23 81 0.997356
23 83 0.998017
23 85 0.998513
23 87 0.998885
23 89 0.999164
23 91 0.999373
23 93 0.99953
23 95 0.999647
23 97 0.999736
23 99 0.999802
23 101 0.999851
23 103 0.999888
23 105 0.999916
23 107 0.999937
23 109 0.999953
23 111 0.999965
23 113 0.999974
23 115 0.99998
23 117 0.999985
23 119 0.999989
23 121 0.999992
23 123 0.999994
23 125 0.999995
23 127 0.999996
24 1 0.424179
24 3 -0.354885
24 5 0.658408
24 7 -0.992469
24 9 0.597977
24 11 0.637806
24 13 -0.767453
24 15 -0.789625
24 17 0.261441
24 19 0.958523
24 21 0.829889
24 23 0.214394
24 25 -0.430023
24 27 -0.850305
24 29 -0.998268
24 31 -0.932285
24 33 -0.737394
24 35 -0.48601
24 37 -0.226955
24 39 0.0122801
24 41 0.219378
24 43 0.391328
24 45 0.530105
24 47 0.639908
24 49 0.725561
24 51 0.791693
24 53 0.84237
24 55 0.88099
24 57 0.9103
24 59 0.932478
24 61 0.949221
24 63 0.96184
24 65 0.971338
24 67 0.978481
24 69 0.983848
24 71 0.98788
24 73 0.990906
24 75 0.993178
24 77 0.994883
24 79 0.996162
24 81 0.997121
24 83 0.997841
24 85 0.998381
24 87 0.998786
24 89 0.999089
24 91 0.999317
24 93 0.999488
24 95 0.999616
24 97 0.999712
24 99 0.999784
24 101 0.999838
24 103 0.999879
24 105 0.999909
24 107 0.999932
24 109 0.999949
24 111 0.999962
24 113 0.999971
24 115 0.999978
24 117 0.999984
24 119 0.999988
24 121 0.999991
24 123 0.999993
24 125 0.999995
24 127 0.999996
25 1 0.991203
25 3 -0.942072
25 5 0.994782
25 7 -0.864532
25 9 0.0785528
25 11 0.924077
25 13 -0.43781
25 15 -0.956679
25 17 -0.0516895
25 19 0.84573
25 21 0.937733
25 23 0.40906
25 25 -0.26354
25 27 -0.759519
25 29 -0.981584
25 31 -0.967755
25 33 -0.801144
25 35 -0.559775
25 37 -0.299281
25 39 -0.0526334
25 41 0.164196
25 43 0.346069
25 45 0.493888
25 47 0.611426
25 49 0.703441
25 51 0.774669
25 53 0.829355
25 55 0.871089
25 57 0.902796
25 59 0.926805
25 61 0.944942
25 63 0.958616
25 65 0.968912
25 67 0.976657
25 69 0.982478
25 71 0.986851
25 73 0.990134
25 75 0.992599
25 77 0.994448
25 79 0.995836
25 81 0.996877
25 83 0.997657
25 85 0.998243
25 87 0.998682
25 89 0.999012
25 91 0.999259
25 93 0.999444
25 95 0.999583
25 97 0.999687
25 99 0.999766
25 101 0.999824
25 103 0.999868
25 105 0.999901
25 107 0.999926
25 109 0.999944
25 111 0.999958
25 113 0.999969
25 115 0.999977
25 117 0.999982
25 119 0.999987
25 121 0.99999
25 123 0.999993
25 125 0.999994
25 127 0.999996
26 1 0.646919
26 3 -0.865863
26 5 0.797478
26 7 -0.384658
26 9 -0.465065
26 11 0.995511
26 13 -0.03146
26 15 -0.997568
26 17 -0.359694
26 19 0.669912
26 21 0.993091
26 23 0.586537
26 25 -0.0887456
26 27 -0.650756
26 29 -0.947471
26 31 -0.990333
26 33 -0.856889
26 35 -0.629346
26 37 -0.369925
26 39 -0.117325
26 41 0.108495
26 43 0.299989
26 45 0.456792
26 47 0.582128
26 49 0.680617
26 51 0.757064
26 53 0.815874
26 55 0.860821
26 57 0.895006
26 59 0.920913
26 61 0.940494
26 63 0.955265
26 65 0.96639
26 67 0.97476
26 69 0.981053
26 71 0.98578
26 73 0.989331
26 75 0.991995
26 77 0.993995
26 79 0.995496
26 81 0.996622
26 83 0.997466
26 85 0.9981
26 87 0.998575
26 89 0.998931
26 91 0.999199
26 93 0.999399
26 95 0.999549
26 97 0.999662
26 99 0.999747
26 101 0.99981
26 103 0.999857
26 105 0.999893
26 107 0.99992
26 109 0.99994
26 111 0.999955
26 113 0.999966
26 115 0.999975
26 117 0.999981
26 119 0.999986
26 121 0.999989
26 123 0.999992
26 125 0.999994
26 127 0.999995
27 1 -0.292139
27 3 -0.179923
27 5 0.172344
27 7 0.251805
27 9 -0.865451
27 11 0.835501
27 13 0.380402
27 15 -0.906902
27 17 -0.632029
27 19 0.444171
27 21 0.992866
27 23 0.739366
27 25 0.0888481
27 27 -0.526593
27 29 -0.896534
27 31 -0.99972
27 33 -0.904072
27 35 -0.6942
27 37 -0.43849
27 39 -0.181522
27 41 0.0524507
27 43 0.253197
27 45 0.418884
27 47 0.552054
27 49 0.657112
27 51 0.738891
27 53 0.801934
27 55 0.850189
27 57 0.886932
27 59 0.914801
27 61 0.935879
27 63 0.951786
27 65 0.963771
27 67 0.972791
27 69 0.979573
27 71 0.984668
27 73 0.988496
27 75 0.991369
27 77 0.993525
27 79 0.995143
27 81 0.996357
27 83 0.997268
27 85 0.997951
27 87 0.998463
27 89 0.998848
27 91 0.999136
27 93 0.999352
27 95 0.999514
27 97 0.999636
27 99 0.999727
27 101 0.999795
27 103 0.999846
27 105 0.999885
27 107 0.999914
27 109 0.999935
27 111 0.999951
27 113 0.999964
27 115 0.999973
27 117 0.999979
27 119 0.999985
27 121 0.999988
27 123 0.999991
27 125 0.999994
27 127 0.999995
28 1 -0.962606
28 3 0.632716
28 5 -0.545249
28 7 0.785761
28 9 -0.999293
28 11 0.481247
28 13 0.725615
28 15 -0.696637
28 17 -0.841685
28 19 0.185329
28 21 0.937068
28 23 0.861126
28 25 0.26364
28 27 -0.389966
28 29 -0.829677
28 31 -0.99579
28 33 -0.942222
28 35 -0.753851
28 37 -0.50459
28 39 -0.244954
28 41 -0.00375937
28 43 0.205806
28 45 0.380231
28 47 0.521245
28 49 0.632951
28 51 0.720164
28 53 0.787543
28 55 0.839199
28 57 0.878579
28 59 0.908473
28 61 0.931098
28 63 0.94818
28 65 0.961055
28 67 0.970748
28 69 0.978037
28 71 0.983515
28 73 0.987629
28 75 0.990719
28 77 0.993037
28 79 0.994777
28 81 0.996083
28 83 0.997062
28 85 0.997796
28 87 0.998347
28 89 0.998761
28 91 0.999071
28 93 0.999303
28 95 0.999477
28 97 0.999608
28 99 0.999706
28 101 0.99978
28 103 0.999835
28 105 0.999876
28 107 0.999907
28 109 0.99993
28 111 0.999948
28 113 0.999961
28 115 0.999971
28 117 0.999978
28 119 0.999983
28 121 0.999988
28 123 0.999991
28 125 0.999993
28 127 0.999995
29 1 -0.748058
29 3 0.999804
29 5 -0.970327
29 7 0.999847
29 9 -0.825372
29 11 0.0151081
29 13 0.943694
29 15 -0.394501
29 17 -0.967872
29 19 -0.0873239
29 21 0.828821
29 23 0.946701
29 25 0.430116
29 27 -0.24411
29 29 -0.748088
29 31 -0.978595
29 33 -0.970958
29 35 -0.807853
29 37 -0.567854
29 39 -0.307353
29 41 -0.0599575
29 43 0.157927
29 45 0.340902
29 47 0.48974
29 49 0.608156
29 51 0.700897
29 53 0.772709
29 55 0.827856
29 57 0.869947
29 59 0.90193
29 61 0.926151
29 63 0.944448
29 65 0.958244
29 67 0.968632
29 69 0.976447
29 71 0.98232
29 73 0.986732
29 75 0.990045
29 77 0.992532
29 79 0.994398
29 81 0.995798
29 83 0.996848
29 85 0.997636
29 87 0.998227
29 89 0.998671
29 91 0.999003
29 93 0.999252
29 95 0.999439
29 97 0.99958
29 99 0.999685
29 101 0.999764
29 103 0.999823
29 105 0.999867
29 107 0.9999
29 109 0.999925
29 111 0.999944
29 113 0.999958
29 115 0.999968
29 117 0.999976
29 119 0.999982
29 121 0.999987
29 123 0.99999
29 125 0.999993
29 127 0.999994
30 1 0.154251
30 3 0.662842
30 5 -0.874846
30 7 0.806911
30 9 -0.397251
30 11 -0.454543
30 13 0.99643
30 15 -0.0403395
30 17 -0.998075
30 19 -0.353469
30 21 0.674185
30 23 0.992493
30 25 0.583027
30 27 -0.0924771
30 29 -0.653216
30 31 -0.948366
30 33 -0.989992
30 35 -0.855801
30 37 -0.627927
30 39 -0.368457
30 41 -0.115966
30 43 0.109673
30 45 0.300967
30 47 0.457582
30 49 0.582754
30 51 0.681105
30 53 0.757441
30 55 0.816163
30 57 0.861041
30 59 0.895173
30 61 0.921039
30 63 0.940589
30 65 0.955337
30 67 0.966444
30 69 0.974801
30 71 0.981084
30 73 0.985803
30 75 0.989348
30 77 0.992008
30 79 0.994005
30 81 0.995503
30 83 0.996627
30 85 0.997471
30 87 0.998103
30 89 0.998577
30 91 0.998933
30 93 0.9992
30 95 0.9994
30 97 0.99955
30 99 0.999663
30 101 0.999747
30 103 0.99981
30 105 0.999858
30 107 0.999893
30 109 0.99992
30 111 0.99994
30 113 0.999955
30 115 0.999966
30 117 0.999975
30 119 0.999981
30 121 0.999986
30 123 0.999989
30 125 0.999992
30 127 0.999994
31 1 0.914742
31 3 -0.140886
31 5 -0.31003
31 7 0.285494
31 9 0.153216
31 11 -0.818518
31 13 0.874583
31 15 0.319142
31 17 -0.9293
31 19 -0.593274
31 21 0.481814
31 23 0.996579
31 25 0.717549
31 27 0.0613447
31 29 -0.546746
31 31 -0.905504
31 33 -0.999135
31 35 -0.897335
31 37 -0.684469
31 39 -0.428007
31 41 -0.171608
31 43 0.0611588
31 45 0.260497
31 47 0.424814
31 49 0.556768
31 51 0.660802
31 53 0.741746
31 55 0.804126
31 57 0.851862
31 59 0.888203
31 61 0.915764
31 63 0.936606
31 65 0.952334
31 67 0.964183
31 69 0.973101
31 71 0.979806
31 73 0.984844
31 75 0.988627
31 77 0.991468
31 79 0.993599
31 81 0.995199
31 83 0.996399
31 85 0.997299
31 87 0.997974
31 89 0.998481
31 91 0.998861
31 93 0.999146
31 95 0.999359
31 97 0.99952
31 99 0.99964
31 101 0.99973
31 103 0.999797
31 105 0.999848
31 107 0.999886
31 109 0.999915
31 111 0.999936
31 113 0.999952
31 115 0.999964
31 117 0.999973
31 119 0.99998
31 121 0.999985
31 123 0.999989
31 125 0.999991
31 127 0.999994
32 1 0.834223
32 3 -0.845404
32 5 0.421111
32 7 -0.352143
32 9 0.656495
32 11 -0.992197
32 13 0.599502
32 15 0.636535
32 17 -0.768367
32 19 -0.788866
32 21 0.262475
32 23 0.958787
32 25 0.82944
32 27 0.213715
32 29 -0.430567
32 31 -0.85058
32 33 -0.998295
32 35 -0.932144
32 37 -0.737165
32 39 -0.485753
32 41 -0.226708
32 43 0.0124999
32 45 0.219564
32 47 0.39148
32 49 0.530226
32 51 0.640003
32 53 0.725635
32 55 0.79175
32 57 0.842414
32 59 0.881023
32 61 0.910325
32 63 0.932497
32 65 0.949235
32 67 0.96185
32 69 0.971346
32 71 0.978487
32 73 0.983853
32 75 0.987883
32 77 0.990909
32 79 0.99318
32 81 0.994884
32 83 0.996163
32 85 0.997122
32 87 0.997842
32 89 0.998381
32 91 0.998786
32 93 0.99909
32 95 0.999317
32 97 0.999488
32 99 0.999616
32 101 0.999712
32 103 0.999784
32 105 0.999838
32 107 0.999879
32 109 0.999909
32 111 0.999932
32 113 0.999949
32 115 0.999962
32 117 0.999971
32 119 0.999978
32 121 0.999984
32 123 0.999988
32 125 0.999991
32 127 0.999993
33 1 -0.0132767
33 3 -0.954598
33 5 0.926335
33 7 -0.846428
33 9 0.957586
33 11 -0.935203
33 13 0.219383
33 15 0.869985
33 17 -0.531235
33 19 -0.92567
33 21 0.0284446
33 23 0.880705
33 25 0.915171
33 27 0.361027
33 29 -0.306742
33 31 -0.784326
33 33 -0.98748
33 35 -0.959967
33 37 -0.785717
33 39 -0.541452
33 41 -0.28109
33 43 -0.0361886
33 45 0.17824
33 47 0.357623
33 49 0.503154
33 51 0.618724
33 53 0.709116
33 55 0.77904
33 57 0.832699
33 59 0.873634
33 61 0.904725
33 63 0.928264
33 65 0.946042
33 67 0.959445
33 69 0.969536
33 71 0.977126
33 73 0.982831
33 75 0.987116
33 77 0.990333
33 79 0.992748
33 81 0.99456
33 83 0.99592
33 85 0.99694
33 87 0.997705
33 89 0.998279
33 91 0.998709
33 93 0.999032
33 95 0.999274
33 97 0.999456
33 99 0.999592
33 101 0.999694
33 103 0.99977
33 105 0.999828
33 107 0.999871
33 109 0.999903
33 111 0.999927
33 113 0.999946
33 115 0.999959
33 117 0.999969
33 119 0.999977
33 121 0.999983
33 123 0.999987
33 125 0.99999
33 127 0.999993
34 1 -0.84857
34 3 -0.391576
34 5 0.934601
34 7 -0.996146
34 9 0.963758
34 11 -0.660785
34 13 -0.199173
34 15 0.988704
34 17 -0.241421
34 19 -0.993492
34 21 -0.207177
34 23 0.765615
34 25 0.972038
34 27 0.499794
34 29 -0.177471
34 31 -0.707624
34 33 -0.966798
34 35 -0.980597
34 37 -0.829853
34 39 -0.594868
34 41 -0.334584
34 43 -0.0847913
34 45 0.1366
34 47 0.32329
34 49 0.475579
34 51 0.596982
34 53 0.692197
34 55 0.766002
34 57 0.822721
34 59 0.866037
34 61 0.898964
34 63 0.923908
34 65 0.942755
34 67 0.956968
34 69 0.967672
34 71 0.975725
34 73 0.981778
34 75 0.986325
34 77 0.989739
34 79 0.992302
34 81 0.994226
34 83 0.995669
34 85 0.996751
34 87 0.997564
34 89 0.998173
34 91 0.99863
34 93 0.998972
34 95 0.999229
34 97 0.999422
34 99 0.999567
34 101 0.999675
34 103 0.999756
34 105 0.999817
34 107 0.999863
34 109 0.999897
34 111 0.999923
34 113 0.999942
34 115 0.999957
34 117 0.999968
34 119 0.999976
34 121 0.999982
34 123 0.999986
34 125 0.99999
34 127 0.999992
35 1 -0.903692
35 3 0.44719
35 5 0.441474
35 7 -0.740348
35 9 0.67311
35 11 -0.232742
35 13 -0.582833
35 15 0.977035
35 17 0.0723343
35 19 -0.987276
35 21 -0.431204
35 23 0.618352
35 25 0.998248
35 27 0.626733
35 29 -0.0450487
35 31 -0.621497
35 33 -0.936457
35 35 -0.993877
35 37 -0.869324
35 39 -0.645776
35 41 -0.387021
35 43 -0.133193
35 45 0.0947164
35 47 0.288526
35 49 0.447528
35 51 0.574792
35 53 0.67489
35 55 0.75264
35 57 0.812483
35 59 0.858236
35 61 0.893043
35 63 0.919428
35 65 0.939373
35 67 0.954419
35 69 0.965754
35 71 0.974282
35 73 0.980694
35 75 0.98551
35 77 0.989128
35 79 0.991843
35 81 0.993881
35 83 0.99541
35 85 0.996558
35 87 0.997418
35 89 0.998064
35 91 0.998548
35 93 0.998911
35 95 0.999183
35 97 0.999388
35 99 0.999541
35 101 0.999656
35 103 0.999742
35 105 0.999806
35 107 0.999855
35 109 0.999891
35 111 0.999918
35 113 0.999939
35 115 0.999954
35 117 0.999966
35 119 0.999974
35 121 0.999981
35 123 0.999985
35 125 0.999989
35 127 0.999992
36 1 -0.127964
36 3 0.971049
36 5 -0.288494
36 7 -0.183166
36 9 0.175156
36 11 0.24941
36 13 -0.864376
36 15 0.836519
36 17 0.378917
36 19 -0.907487
36 21 -0.631095
36 23 0.445105
36 25 0.992973
36 27 0.738839
36 29 0.0881735
36 31 -0.527091
36 33 -0.896758
36 35 -0.999709
36 37 -0.903909
36 39 -0.693962
36 41 -0.438233
36 43 -0.181279
36 45 0.0526645
36 47 0.253377
36 49 0.41903
36 51 0.55217
36 53 0.657203
36 55 0.738961
36 57 0.801988
36 59 0.85023
36 61 0.886964
36 63 0.914825
36 65 0.935897
36 67 0.951799
36 69 0.963781
36 71 0.972798
36 73 0.979578
36 75 0.984673
36 77 0.988499
36 79 0.991371
36 81 0.993527
36 83 0.995145
36 85 0.996358
36 87 0.997269
36 89 0.997952
36 91 0.998464
36 93 0.998848
36 95 0.999136
36 97 0.999352
36 99 0.999514
36 101 0.999636
36 103 0.999727
36 105 0.999795
36 107 0.999846
36 109 0.999885
36 111 0.999914
36 113 0.999935
36 115 0.999951
36 117 0.999964
36 119 0.999973
36 121 0.999979
36 123 0.999985
36 125 0.999988
36 127 0.999991
37 1 0.765414
37 3 0.811107
37 5 -0.863691
37 7 0.44858
37 9 -0.376742
37 11 0.673578
37 13 -0.994472
37 15 0.585684
37 17 0.647922
37 19 -0.760071
37 21 -0.795663
37 23 0.253154
37 25 0.95638
37 27 0.83346
37 29 0.21983
37 31 -0.425664
37 33 -0.8481
37 35 -0.998049
37 37 -0.933414
37 39 -0.739223
37 41 -0.488061
37 43 -0.228935
37 45 0.0105191
37 47 0.21789
37 49 0.390112
37 51 0.529135
37 53 0.639147
37 55 0.724971
37 57 0.791239
37 59 0.842024
37 61 0.880726
37 63 0.910101
37 65 0.932327
37 67 0.949107
37 69 0.961754
37 71 0.971273
37 73 0.978432
37 75 0.983812
37 77 0.987852
37 79 0.990886
37 81 0.993163
37 83 0.994871
37 85 0.996153
37 87 0.997115
37 89 0.997836
37 91 0.998377
37 93 0.998783
37 95 0.999087
37 97 0.999316
37 99 0.999487
37 101 0.999615
37 103 0.999711
37 105 0.999784
37 107 0.999838
37 109 0.999878
37 111 0.999909
37 113 0.999932
37 115 0.999949
37 117 0.999961
37 119 0.999971
37 121 0.999978
37 123 0.999984
37 125 0.999988
37 127 0.999991
38 1 0.955074
38 3 0.079993
38 5 -0.975537
38 7 0.897716
38 9 -0.812611
38 11 0.941146
38 13 -0.950329
38 15 0.257612
38 17 0.852673
38 19 -0.556012
38 21 -0.915697
38 23 0.050565
38 25 0.889623
38 27 0.908354
38 29 0.347583
38 31 -0.318567
38 33 -0.790968
38 35 -0.988909
38 37 -0.957672
38 39 -0.781367
38 41 -0.536345
38 43 -0.276048
38 45 -0.0316451
38 47 0.182113
38 49 0.360805
38 51 0.505703
38 53 0.620731
38 55 0.710675
38 57 0.78024
38 59 0.833617
38 61 0.874332
38 63 0.905255
38 65 0.928665
38 67 0.946344
38 69 0.959673
38 71 0.969708
38 73 0.977255
38 75 0.982928
38 77 0.987188
38 79 0.990387
38 81 0.992789
38 83 0.994591
38 85 0.995943
38 87 0.996957
38 89 0.997718
38 91 0.998288
38 93 0.998716
38 95 0.999037
38 97 0.999278
38 99 0.999459
38 101 0.999594
38 103 0.999696
38 105 0.999772
38 107 0.999829
38 109 0.999872
38 111 0.999904
38 113 0.999928
38 115 0.999946
38 117 0.999959
38 119 0.99997
38 121 0.999977
38 123 0.999983
38 125 0.999987
38 127 0.99999
39 1 0.266643
39 3 -0.707451
39 5 -0.564028
39 7 0.981406
39 9 -0.99821
39 11 0.98991
39 13 -0.739681
39 15 -0.104433
39 17 0.972865
39 19 -0.310518
39 21 -0.984478
39 23 -0.154149
39 25 0.794809
39 27 0.961751
39 29 0.469165
39 31 -0.207227
39 33 -0.725932
39 35 -0.972359
39 37 -0.976547
39 39 -0.820218
39 41 -0.582934
39 43 -0.322507
39 45 -0.073753
39 47 0.146093
39 49 0.331137
39 51 0.481892
39 53 0.601966
39 55 0.696079
39 57 0.768995
39 59 0.825013
39 61 0.867783
39 63 0.900288
39 65 0.924909
39 67 0.943511
39 69 0.957538
39 71 0.968101
39 73 0.976047
39 75 0.98202
39 77 0.986507
39 79 0.989876
39 81 0.992405
39 83 0.994302
39 85 0.995726
39 87 0.996795
39 89 0.997596
39 91 0.998197
39 93 0.998648
39 95 0.998986
39 97 0.99924
39 99 0.99943
39 101 0.999572
39 103 0.999679
39 105 0.999759
39 107 0.99982
39 109 0.999865
39 111 0.999899
39 113 0.999924
39 115 0.999943
39 117 0.999957
39 119 0.999968
39 121 0.999976
39 123 0.999982
39 125 0.999986
39 127 0.99999
40 1 -0.666938
40 3 -0.996717
40 5 0.150069
40 7 0.665581
40 9 -0.876379
40 11 0.808531
40 13 -0.399434
40 15 -0.452706
40 17 0.996579
40 19 -0.0418835
40 21 -0.998157
40 23 -0.352385
40 25 0.674926
40 27 0.992386
40 29 0.582415
40 31 -0.0931259
40 33 -0.653644
40 35 -0.948521
40 37 -0.989933
40 39 -0.855611
40 41 -0.62768
40 43 -0.368201
40 45 -0.11573
40 47 0.109878
40 49 0.301137
40 51 0.457719
40 53 0.582862
40 55 0.68119
40 57 0.757506
40 59 0.816213
40 61 0.861079
40 63 0.895202
40 65 0.921061
40 67 0.940606
40 69 0.955349
40 71 0.966454
40 73 0.974808
40 75 0.981089
40 77 0.985807
40 79 0.989351
40 81 0.992011
40 83 0.994007
40 85 0.995505
40 87 0.996628
40 89 0.997471
40 91 0.998103
40 93 0.998578
40 95 0.998933
40 97 0.9992
40 99 0.9994
40 101 0.99955
40 103 0.999663
40 105 0.999747
40 107 0.99981
40 109 0.999858
40 111 0.999893
40 113 0.99992
40 115 0.99994
40 117 0.999955
40 119 0.999966
40 121 0.999975
40 123 0.999981
40 125 0.999986
40 127 0.999989
41 1 -0.987339
41 3 -0.584106
41 5 0.783658
41 7 0.0788089
41 9 -0.484639
41 11 0.439178
41 13 0.0107968
41 15 -0.741278
41 17 0.921462
41 19 0.229872
41 21 -0.955968
41 23 -0.535814
41 25 0.533756
41 27 0.999534
41 29 0.685324
41 31 0.0222153
41 33 -0.574824
41 35 -0.917574
41 37 -0.997755
41 39 -0.887397
41 41 -0.670441
41 43 -0.413023
41 45 -0.157501
41 47 0.073516
41 49 0.270837
41 51 0.433204
41 53 0.563431
41 55 0.666013
41 57 0.745778
41 59 0.80722
41 61 0.854222
41 63 0.889996
41 65 0.917121
41 67 0.937631
41 69 0.953106
41 71 0.964765
41 73 0.973539
41 75 0.980135
41 77 0.985091
41 79 0.988813
41 81 0.991607
41 83 0.993704
41 85 0.995277
41 87 0.996458
41 89 0.997343
41 91 0.998008
41 93 0.998506
41 95 0.998879
41 97 0.99916
41 99 0.99937
41 101 0.999527
41 103 0.999646
41 105 0.999734
41 107 0.999801
41 109 0.999851
41 111 0.999888
41 113 0.999916
41 115 0.999937
41 117 0.999953
41 119 0.999965
41 121 0.999973
41 123 0.99998
41 125 0.999985
41 127 0.999989
42 1 -0.399985
42 3 0.239825
42 5 0.996831
42 7 -0.540045
42 9 0.0563609
42 11 -0.0322782
42 13 0.419136
42 15 -0.932092
42 17 0.754965
42 19 0.484497
42 21 -0.860273
42 23 -0.696726
42 25 0.375752
42 27 0.983027
42 29 0.776064
42 31 0.137261
42 33 -0.490261
42 35 -0.879751
42 37 -0.999968
42 39 -0.915443
42 41 -0.711083
42 43 -0.456865
42 45 -0.198992
42 47 0.0370565
42 49 0.240266
42 51 0.408363
42 53 0.543683
42 55 0.650556
42 57 0.733814
42 59 0.798035
42 61 0.847213
42 63 0.884671
42 65 0.913089
42 67 0.934585
42 69 0.95081
42 71 0.963036
42 73 0.972238
42 75 0.979157
42 77 0.984357
42 79 0.988261
42 81 0.991193
42 83 0.993393
42 85 0.995044
42 87 0.996283
42 89 0.997212
42 91 0.997909
42 93 0.998432
42 95 0.998824
42 97 0.999118
42 99 0.999339
42 101 0.999504
42 103 0.999628
42 105 0.999721
42 107 0.999791
42 109 0.999843
42 111 0.999882
42 113 0.999912
42 115 0.999934
42 117 0.99995
42 119 0.999963
42 121 0.999972
42 123 0.999979
42 125 0.999984
42 127 0.999988
43 1 0.555113
43 3 0.894875
43 5 0.675227
43 7 -0.939056
43 9 0.580003
43 11 -0.49623
43 13 0.754039
43 15 -0.999985
43 17 0.513598
43 19 0.703016
43 21 -0.716427
43 23 -0.828361
43 25 0.205897
43 27 0.943254
43 29 0.853024
43 31 0.250478
43 33 -0.400799
43 35 -0.835335
43 37 -0.996561
43 39 -0.939629
43 41 -0.749477
43 43 -0.499623
43 45 -0.240129
43 47 0.00054758
43 49 0.209454
43 51 0.383216
43 53 0.523629
43 55 0.634824
43 57 0.721618
43 59 0.788661
43 61 0.840054
43 63 0.879228
43 65 0.908966
43 67 0.93147
43 69 0.94846
43 71 0.961267
43 73 0.970907
43 75 0.978157
43 77 0.983605
43 79 0.987697
43 81 0.990769
43 83 0.993075
43 85 0.994806
43 87 0.996104
43 89 0.997078
43 91 0.997808
43 93 0.998356
43 95 0.998767
43 97 0.999076
43 99 0.999307
43 101 0.99948
43 103 0.99961
43 105 0.999708
43 107 0.999781
43 109 0.999836
43 111 0.999877
43 113 0.999908
43 115 0.999931
43 117 0.999948
43 119 0.999961
43 121 0.999971
43 123 0.999978
43 125 0.999984
43 127 0.999988
44 1 0.999843
44 3 0.919764
44 5 -0.00862224
44 7 -0.955791
44 9 0.925014
44 11 -0.844815
44 13 0.956828
44 15 -0.936003
44 17 0.221298
44 19 0.869146
44 21 -0.532482
44 23 -0.925187
44 25 0.0295479
44 27 0.881158
44 29 0.914837
44 31 0.360358
44 33 -0.307333
44 35 -0.784659
44 37 -0.987553
44 39 -0.959854
44 41 -0.785501
44 43 -0.541198
44 45 -0.280839
44 47 -0.0359621
44 49 0.178433
44 51 0.357782
44 53 0.503281
44 55 0.618824
44 57 0.709193
44 59 0.7791
44 61 0.832745
44 63 0.873668
44 65 0.904752
44 67 0.928284
44 69 0.946057
44 71 0.959457
44 73 0.969545
44 75 0.977133
44 77 0.982836
44 79 0.987119
44 81 0.990336
44 83 0.99275
44 85 0.994561
44 87 0.995921
44 89 0.99694
44 91 0.997705
44 93 0.998279
44 95 0.998709
44 97 0.999032
44 99 0.999274
44 101 0.999456
44 103 0.999592
44 105 0.999694
44 107 0.99977
44 109 0.999828
44 111 0.999871
44 113 0.999903
44 115 0.999927
44 117 0.999946
44 119 0.999959
44 121 0.999969
44 123 0.999977
44 125 0.999983
44 127 0.999987
45 1 0.525322
45 3 0.296966
45 5 -0.687845
45 7 -0.583439
45 9 0.985138
45 11 -0.99699
45 13 0.991973
45 15 -0.748584
45 17 -0.0929482
45 19 0.970504
45 21 -0.318733
45 23 -0.983135
45 25 -0.147733
45 27 0.798207
45 29 0.960406
45 31 0.465438
45 33 -0.210796
45 35 -0.728102
45 37 -0.972994
45 39 -0.976034
45 41 -0.819042
45 43 -0.581489
45 45 -0.32105
45 47 -0.0724238
45 49 0.147234
45 51 0.33208
45 53 0.48265
45 55 0.602564
45 57 0.696545
45 59 0.769354
45 61 0.825288
45 63 0.867992
45 65 0.900447
45 67 0.925029
45 69 0.943601
45 71 0.957606
45 73 0.968152
45 75 0.976086
45 77 0.982049
45 79 0.986528
45 81 0.989892
45 83 0.992417
45 85 0.994312
45 87 0.995733
45 89 0.9968
45 91 0.9976
45 93 0.9982
45 95 0.99865
45 97 0.998988
45 99 0.999241
45 101 0.999431
45 103 0.999573
45 105 0.99968
45 107 0.99976
45 109 0.99982
45 111 0.999865
45 113 0.999899
45 115 0.999924
45 117 0.999943
45 119 0.999957
45 121 0.999968
45 123 0.999976
45 125 0.999982
45 127 0.999986
46 1 -0.432178
46 3 -0.534952
46 5 -0.998055
46 7 0.0264218
46 9 0.741858
46 11 -0.917377
46 13 0.853316
46 15 -0.462444
46 17 -0.397977
46 19 0.999539
46 21 -0.0871446
46 23 -0.99977
46 25 -0.320354
46 27 0.696365
46 29 0.988922
46 31 0.564319
46 33 -0.112153
46 35 -0.666089
46 37 -0.952966
46 39 -0.988098
46 41 -0.849994
46 43 -0.620401
46 45 -0.36069
46 47 -0.108789
46 49 0.115888
46 51 0.306128
46 53 0.461748
46 55 0.58605
46 57 0.683676
46 59 0.759426
46 61 0.817684
46 63 0.8622
46 65 0.896052
46 67 0.921705
46 69 0.941092
46 71 0.955715
46 73 0.966729
46 75 0.975016
46 77 0.981245
46 79 0.985924
46 81 0.989439
46 83 0.992077
46 85 0.994056
46 87 0.995542
46 89 0.996656
46 91 0.997492
46 93 0.998119
46 95 0.998589
46 97 0.998942
46 99 0.999207
46 101 0.999405
46 103 0.999554
46 105 0.999665
46 107 0.999749
46 109 0.999812
46 111 0.999859
46 113 0.999894
46 115 0.999921
46 117 0.999941
46 119 0.999955
46 121 0.999967
46 123 0.999975
46 125 0.999981
46 127 0.999986
47 1 -0.992335
47 3 -0.990163
47 5 -0.772829
47 7 0.625527
47 9 0.270098
47 11 -0.624484
47 13 0.565151
47 15 -0.115318
47 17 -0.663538
47 19 0.954086
47 21 0.149322
47 23 -0.974393
47 25 -0.482872
47 27 0.578042
47 29 0.999878
47 31 0.655683
47 33 -0.0123887
47 35 -0.599084
47 37 -0.927581
47 39 -0.995998
47 41 -0.878258
47 43 -0.657843
47 45 -0.399689
47 47 -0.145009
47 49 0.0844252
47 51 0.279947
47 53 0.440585
47 55 0.569288
47 57 0.670591
47 59 0.749318
47 61 0.809935
47 63 0.856293
47 65 0.891568
47 67 0.918311
47 69 0.93853
47 71 0.953784
47 73 0.965275
47 75 0.973922
47 77 0.980423
47 79 0.985307
47 81 0.988975
47 83 0.991729
47 85 0.993795
47 87 0.995346
47 89 0.996509
47 91 0.997382
47 93 0.998037
47 95 0.998527
47 97 0.998896
47 99 0.999172
47 101 0.999379
47 103 0.999534
47 105 0.999651
47 107 0.999738
47 109 0.999804
47 111 0.999853
47 113 0.99989
47 115 0.999917
47 117 0.999938
47 119 0.999953
47 121 0.999965
47 123 0.999974
47 125 0.99998
47 127 0.999985
48 1 -0.640144
48 3 -0.748113
48 5 -0.132998
48 7 0.96999
48 9 -0.284846
48 11 -0.186407
48 13 0.177967
48 15 0.247015
48 17 -0.863297
48 19 0.837533
48 21 0.37743
48 23 -0.908071
48 25 -0.63016
48 27 0.446039
48 29 0.993079
48 31 0.738312
48 33 0.087499
48 35 -0.527589
48 37 -0.896983
48 39 -0.999698
48 41 -0.903746
48 43 -0.693725
48 45 -0.437977
48 47 -0.181036
48 49 0.0528784
48 51 0.253556
48 53 0.419175
48 55 0.552286
48 57 0.657294
48 59 0.739031
48 61 0.802042
48 63 0.850272
48 65 0.886995
48 67 0.914849
48 69 0.935915
48 71 0.951813
48 73 0.963791
48 75 0.972806
48 77 0.979584
48 79 0.984677
48 81 0.988502
48 83 0.991374
48 85 0.993529
48 87 0.995146
48 89 0.996359
48 91 0.997269
48 93 0.997952
48 95 0.998464
48 97 0.998848
48 99 0.999136
48 101 0.999352
48 103 0.999514
48 105 0.999636
48 107 0.999727
48 109 0.999795
48 111 0.999846
48 113 0.999885
48 115 0.999914
48 117 0.999935
48 119 0.999951
48 121 0.999964
48 123 0.999973
48 125 0.999979
48 127 0.999985
49 1 0.300593
49 3 0.0207495
49 5 0.578184
49 7 0.919585
49 9 -0.752064
49 11 0.295008
49 13 -0.240399
49 15 0.576773
49 17 -0.977443
49 19 0.658565
49 21 0.584413
49 23 -0.803589
49 25 -0.757573
49 27 0.303479
49 29 0.968647
49 31 0.811107
49 33 0.186512
49 35 -0.452141
49 37 -0.861343
49 39 -0.999185
49 41 -0.926377
49 43 -0.727962
49 45 -0.475486
49 47 -0.216821
49 49 0.0212787
49 51 0.226975
49 53 0.39753
49 55 0.535052
49 57 0.643789
49 59 0.72857
49 61 0.794006
49 63 0.844137
49 65 0.882333
49 67 0.911318
49 69 0.933247
49 71 0.949801
49 73 0.962276
49 75 0.971666
49 77 0.978728
49 79 0.984034
49 81 0.988019
49 83 0.991011
49 85 0.993257
49 87 0.994942
49 89 0.996206
49 91 0.997155
49 93 0.997866
49 95 0.9984
49 97 0.9988
49 99 0.9991
49 101 0.999325
49 103 0.999494
49 105 0.99962
49 107 0.999715
49 109 0.999786
49 111 0.99984
49 113 0.99988
49 115 0.99991
49 117 0.999932
49 119 0.999949
49 121 0.999962
49 123 0.999972
49 125 0.999979
49 127 0.999984
50 1 0.964966
50 3 0.775
50 5 0.979183
50 7 0.494832
50 9 -0.987659
50 11 0.707837
50 13 -0.616644
50 15 0.830468
50 17 -0.994656
50 19 0.43052
50 21 0.758686
50 23 -0.66534
50 25 -0.861093
50 27 0.153737
50 29 0.927015
50 31 0.873098
50 33 0.283662
50 35 -0.373303
50 37 -0.820862
50 39 -0.994459
50 41 -0.946079
50 43 -0.760473
50 45 -0.51215
50 47 -0.252317
50 49 -0.0103423
50 51 0.200224
50 53 0.375661
50 55 0.517592
50 57 0.63008
50 59 0.717936
50 61 0.785829
50 63 0.83789
50 65 0.877583
50 67 0.907719
50 69 0.930527
50 71 0.947749
50 73 0.960731
50 75 0.970504
50 77 0.977854
50 79 0.983377
50 81 0.987526
50 83 0.990641
50 85 0.992979
50 87 0.994733
50 89 0.99605
50 91 0.997037
50 93 0.997778
50 95 0.998334
50 97 0.99875
50 99 0.999063
50 101 0.999297
50 103 0.999473
50 105 0.999605
50 107 0.999704
50 109 0.999778
50 111 0.999833
50 113 0.999875
50 115 0.999906
50 117 0.99993
50 119 0.999947
50 121 0.99996
50 123 0.99997
50 125 0.999978
50 127 0.999983
51 1 0.742154
51 3 0.983505
51 5 0.854872
51 7 -0.13136
51 9 -0.919073
51 11 0.956102
51 13 -0.884849
51 15 0.974643
51 17 -0.91323
51 19 0.170391
51 21 0.890495
51 23 -0.499132
51 25 -0.937454
51 27 0.000356351
51 29 0.868923
51 31 0.923459
51 33 0.377978
51 35 -0.291669
51 37 -0.775766
51 39 -0.985542
51 41 -0.96279
51 43 -0.791181
51 45 -0.547903
51 47 -0.287477
51 49 -0.041953
51 51 0.173323
51 53 0.35358
51 55 0.499913
51 57 0.616173
51 59 0.707132
51 61 0.777512
51 63 0.831531
51 65 0.872745
51 67 0.904051
51 69 0.927755
51 71 0.945658
51 73 0.959156
51 75 0.969318
51 77 0.976963
51 79 0.982708
51 81 0.987023
51 83 0.990263
51 85 0.992696
51 87 0.994521
51 89 0.99589
51 91 0.996918
51 93 0.997688
51 95 0.998266
51 97 0.9987
51 99 0.999025
51 101 0.999269
51 103 0.999452
51 105 0.999589
51 107 0.999692
51 109 0.999769
51 111 0.999827
51 113 0.99987
51 115 0.999902
51 117 0.999927
51 119 0.999945
51 121 0.999959
51 123 0.999969
51 125 0.999977
51 127 0.999983
52 1 -0.162991
52 3 0.499437
52 5 0.271941
52 7 -0.704077
52 9 -0.56743
52 11 0.982085
52 13 -0.998021
52 15 0.990286
52 17 -0.74124
52 19 -0.102435
52 21 0.972461
52 23 -0.311949
52 25 -0.984248
52 27 -0.153033
52 29 0.795402
52 31 0.961519
52 33 0.468517
52 35 -0.207848
52 37 -0.726311
52 39 -0.97247
52 41 -0.976458
52 43 -0.820014
52 45 -0.582682
52 47 -0.322254
52 49 -0.0735217
52 51 0.146291
52 53 0.331301
52 55 0.482024
52 57 0.60207
52 59 0.69616
52 61 0.769057
52 63 0.825061
52 65 0.867819
52 67 0.900316
52 69 0.92493
52 71 0.943526
52 73 0.95755
52 75 0.96811
52 77 0.976054
52 79 0.982025
52 81 0.98651
52 83 0.989879
52 85 0.992407
52 87 0.994304
52 89 0.995728
52 91 0.996796
52 93 0.997597
52 95 0.998198
52 97 0.998648
52 99 0.998986
52 101 0.99924
52 103 0.99943
52 105 0.999573
52 107 0.999679
52 109 0.99976
52 111 0.99982
52 113 0.999865
52 115 0.999899
52 117 0.999924
52 119 0.999943
52 121 0.999957
52 123 0.999968
52 125 0.999976
52 127 0.999982
53 1 -0.918283
53 3 -0.336329
53 5 -0.45688
53 7 -0.990175
53 9 -0.0410285
53 11 0.779745
53 13 -0.936331
53 15 0.875333
53 17 -0.495741
53 19 -0.367628
53 21 0.999998
53 23 -0.111658
53 25 -1
53 27 -0.3028
53 29 0.707757
53 31 0.986771
53 33 0.554374
53 35 -0.12247
53 37 -0.672772
53 39 -0.955298
53 41 -0.987038
53 43 -0.846902
53 45 -0.616426
53 47 -0.3566
53 49 -0.105017
53 51 0.11915
53 53 0.308835
53 55 0.463932
53 57 0.587777
53 59 0.685023
53 61 0.760466
53 63 0.818481
53 65 0.862807
53 67 0.896513
53 69 0.922053
53 71 0.941355
53 73 0.955914
53 75 0.966879
53 77 0.975128
53 79 0.981329
53 81 0.985988
53 83 0.989486
53 85 0.992112
53 87 0.994083
53 89 0.995562
53 91 0.996671
53 93 0.997503
53 95 0.998128
53 97 0.998596
53 99 0.998947
53 101 0.99921
53 103 0.999408
53 105 0.999556
53 107 0.999667
53 109 0.99975
53 111 0.999813
53 113 0.99986
53 115 0.999895
53 117 0.999921
53 119 0.999941
53 121 0.999956
53 123 0.999967
53 125 0.999975
53 127 0.999981
54 1 -0.82931
54 3 -0.935255
54 5 -0.940595
54 7 -0.873189
54 9 0.498009
54 11 0.396124
54 13 -0.710588
54 15 0.644944
54 17 -0.20108
54 19 -0.605424
54 21 0.971564
54 23 0.0933249
54 25 -0.984212
54 27 -0.445401
54 29 0.607545
54 31 0.998879
54 33 0.634693
54 35 -0.0361737
54 37 -0.615453
54 39 -0.934099
54 41 -0.994498
54 43 -0.871782
54 45 -0.649073
54 47 -0.390472
54 49 -0.136407
54 51 0.0919198
54 53 0.286196
54 55 0.445643
54 57 0.573298
54 59 0.673724
54 61 0.751739
54 63 0.811792
54 65 0.857709
54 67 0.892643
54 69 0.919125
54 71 0.939144
54 73 0.954247
54 75 0.965624
54 77 0.974185
54 79 0.98062
54 81 0.985455
54 83 0.989086
54 85 0.991812
54 87 0.993858
54 89 0.995393
54 91 0.996545
54 93 0.997408
54 95 0.998056
54 97 0.998542
54 99 0.998907
54 101 0.99918
54 103 0.999385
54 105 0.999539
54 107 0.999654
54 109 0.999741
54 111 0.999806
54 113 0.999854
54 115 0.999891
54 117 0.999918
54 119 0.999938
54 121 0.999954
54 123 0.999965
54 125 0.999974
54 127 0.999981
55 1 0.0221268
55 3 -0.875586
55 5 -0.919701
55 7 -0.400741
55 9 0.883669
55 11 -0.0795921
55 13 -0.360345
55 15 0.329501
55 17 0.113522
55 19 -0.798104
55 21 0.88875
55 23 0.294386
55 25 -0.937382
55 27 -0.57746
55 29 0.496545
55 31 0.997681
55 33 0.70867
55 35 0.0503934
55 37 -0.554674
55 39 -0.908963
55 41 -0.998814
55 43 -0.894595
55 45 -0.680566
55 47 -0.423822
55 49 -0.167661
55 51 0.0646205
55 53 0.263396
55 55 0.427167
55 57 0.558638
55 59 0.662264
55 61 0.742878
55 63 0.804995
55 65 0.852525
55 67 0.888706
55 69 0.916145
55 71 0.936894
55 73 0.952551
55 75 0.964347
55 77 0.973224
55 79 0.979898
55 81 0.984913
55 83 0.988679
55 85 0.991507
55 87 0.993629
55 89 0.995221
55 91 0.996415
55 93 0.997312
55 95 0.997984
55 97 0.998488
55 99 0.998866
55 101 0.99915
55 103 0.999362
55 105 0.999522
55 107 0.999641
55 109 0.999731
55 111 0.999798
55 113 0.999849
55 115 0.999887
55 117 0.999915
55 119 0.999936
55 121 0.999952
55 123 0.999964
55 125 0.999973
55 127 0.99998
56 1 0.85322
56 3 -0.19934
56 5 -0.405408
56 7 0.234842
56 9 0.997175
56 11 -0.536803
56 13 0.0530344
56 15 -0.0293946
56 17 0.416867
56 19 -0.931306
56 21 0.756192
56 23 0.483077
56 25 -0.860988
56 27 -0.695853
56 29 0.376728
56 31 0.983194
56 33 0.775566
56 35 0.136583
56 37 -0.490777
56 39 -0.879995
56 41 -0.999972
56 43 -0.915288
56 45 -0.710849
56 47 -0.456608
56 49 -0.198747
56 51 0.0372727
56 53 0.240448
56 55 0.408511
56 57 0.543801
56 59 0.650648
56 61 0.733885
56 63 0.79809
56 65 0.847255
56 67 0.884703
56 69 0.913113
56 71 0.934603
56 73 0.950824
56 75 0.963047
56 77 0.972246
56 79 0.979163
56 81 0.984361
56 83 0.988265
56 85 0.991195
56 87 0.993395
56 89 0.995046
56 91 0.996284
56 93 0.997213
56 95 0.99791
56 97 0.998432
56 99 0.998824
56 101 0.999118
56 103 0.999339
56 105 0.999504
56 107 0.999628
56 109 0.999721
56 111 0.999791
56 113 0.999843
56 115 0.999882
56 117 0.999912
56 119 0.999934
56 121 0.99995
56 123 0.999963
56 125 0.999972
56 127 0.999979
57 1 0.899867
57 3 0.61728
57 5 0.326378
57 7 0.774825
57 9 0.803569
57 11 -0.869214
57 13 0.457121
57 15 -0.384414
57 17 0.67887
57 19 -0.995106
57 21 0.581309
57 23 0.651468
57 25 -0.757439
57 27 -0.797777
57 29 0.250222
57 31 0.95561
57 33 0.834713
57 35 0.221749
57 37 -0.424122
57 39 -0.847317
57 41 -0.997968
57 43 -0.93381
57 45 -0.739868
57 47 -0.488785
57 49 -0.229634
57 51 0.00989697
57 53 0.217364
57 55 0.389683
57 57 0.528792
57 59 0.638877
57 61 0.724762
57 63 0.791079
57 65 0.841901
57 67 0.880633
57 69 0.91003
57 71 0.932274
57 73 0.949067
57 75 0.961724
57 77 0.971251
57 79 0.978415
57 81 0.983799
57 83 0.987843
57 85 0.990879
57 87 0.993157
57 89 0.994867
57 91 0.99615
57 93 0.997113
57 95 0.997835
57 97 0.998376
57 99 0.998782
57 101 0.999087
57 103 0.999315
57 105 0.999486
57 107 0.999615
57 109 0.999711
57 111 0.999783
57 113 0.999838
57 115 0.999878
57 117 0.999909
57 119 0.999932
57 121 0.999949
57 123 0.999961
57 125 0.999971
57 127 0.999978
58 1 0.11918
58 3 0.999218
58 5 0.883069
58 7 0.999388
58 9 0.362479
58 11 -0.999543
58 13 0.781117
58 15 -0.688738
58 17 0.873551
58 19 -0.984749
58 21 0.37389
58 23 0.792484
58 25 -0.63
58 27 -0.88082
58 29 0.119273
58 31 0.915298
58 33 0.88552
58 35 0.305253
58 37 -0.355083
58 39 -0.811068
58 41 -0.99281
58 43 -0.950118
58 45 -0.767571
58 47 -0.52031
58 49 -0.260292
58 51 -0.0174862
58 53 0.194159
58 55 0.37069
58 57 0.513616
58 59 0.626955
58 61 0.71551
58 63 0.783962
58 65 0.836463
58 67 0.876497
58 69 0.906896
58 71 0.929905
58 73 0.94728
58 75 0.960378
58 77 0.970238
58 79 0.977654
58 81 0.983227
58 83 0.987413
58 85 0.990556
58 87 0.992915
58 89 0.994686
58 91 0.996014
58 93 0.99701
58 95 0.997758
58 97 0.998318
58 99 0.998739
58 101 0.999054
58 103 0.999291
58 105 0.999468
58 107 0.999601
58 109 0.999701
58 111 0.999776
58 113 0.999832
58 115 0.999874
58 117 0.999905
58 119 0.999929
58 121 0.999947
58 123 0.99996
58 125 0.99997
58 127 0.999978
59 1 -0.77108
59 3 0.677519
59 5 0.966013
59 7 0.817117
59 9 -0.190249
59 11 -0.897491
59 13 0.968254
59 15 -0.902234
59 17 0.981602
59 19 -0.901006
59 21 0.145543
59 23 0.900198
59 25 -0.482692
59 27 -0.943017
59 29 -0.0137944
59 31 0.862793
59 33 0.927478
59 35 0.386469
59 37 -0.284048
59 39 -0.771399
59 41 -0.984513
59 43 -0.964174
59 45 -0.79391
59 47 -0.551141
59 49 -0.29069
59 51 -0.0448562
59 53 0.170844
59 55 0.351541
59 57 0.498278
59 59 0.614885
59 61 0.706131
59 63 0.776741
59 65 0.830941
59 67 0.872295
59 69 0.903711
59 71 0.927497
59 73 0.945464
59 75 0.959009
59 77 0.969208
59 79 0.97688
59 81 0.982645
59 83 0.986976
59 85 0.990228
59 87 0.992669
59 89 0.994501
59 91 0.995875
59 93 0.996907
59 95 0.99768
59 97 0.99826
59 99 0.998695
59 101 0.999021
59 103 0.999266
59 105 0.99945
59 107 0.999587
59 109 0.999691
59 111 0.999768
59 113 0.999826
59 115 0.999869
59 117 0.999902
59 119 0.999927
59 121 0.999945
59 123 0.999959
59 125 0.999969
59 127 0.999977
60 1 -0.952413
60 3 -0.121281
60 5 0.530712
60 7 0.30221
60 9 -0.684383
60 11 -0.586782
60 13 0.985745
60 15 -0.996745
60 17 0.992308
60 19 -0.750119
60 21 -0.0909494
60 23 0.970084
60 25 -0.320159
60 27 -0.982896
60 29 -0.146617
60 31 0.798795
60 33 0.96017
60 35 0.46479
60 37 -0.211416
60 39 -0.728479
60 41 -0.973104
60 43 -0.975944
60 45 -0.818837
60 47 -0.581237
60 49 -0.320796
60 51 -0.0721926
60 53 0.147433
60 55 0.332244
60 57 0.482782
60 59 0.602668
60 61 0.696626
60 63 0.769417
60 65 0.825336
60 67 0.868028
60 69 0.900475
60 71 0.92505
60 73 0.943617
60 75 0.957618
60 77 0.968161
60 79 0.976093
60 81 0.982054
60 83 0.986532
60 85 0.989895
60 87 0.992419
60 89 0.994313
60 91 0.995735
60 93 0.996801
60 95 0.997601
60 97 0.998201
60 99 0.99865
60 101 0.998988
60 103 0.999241
60 105 0.999431
60 107 0.999573
60 109 0.99968
60 111 0.99976
60 113 0.99982
60 115 0.999865
60 117 0.999899
60 119 0.999924
60 121 0.999943
60 123 0.999957
60 125 0.999968
60 127 0.999976
61 1 -0.258102
61 3 -0.834676
61 5 -0.189304
61 7 -0.335722
61 9 -0.967739
61 11 -0.139653
61 13 0.830526
61 15 -0.95981
61 17 0.904608
61 19 -0.543331
61 21 -0.322352
61 23 0.999205
61 25 -0.147529
61 27 -0.999512
61 29 -0.276835
61 31 0.724157
61 33 0.983268
61 35 0.539626
61 37 -0.137596
61 39 -0.682488
61 41 -0.958618
61 43 -0.9854
61 45 -0.842309
61 47 -0.610559
61 49 -0.350583
61 51 -0.0994749
61 53 0.123939
61 55 0.312806
61 57 0.467133
61 59 0.590309
61 61 0.686997
61 63 0.761989
61 65 0.819648
61 67 0.863696
61 69 0.897188
61 71 0.922564
61 73 0.94174
61 75 0.956204
61 77 0.967097
61 79 0.975292
61 81 0.981453
61 83 0.986081
61 85 0.989556
61 87 0.992165
61 89 0.994122
61 91 0.995591
61 93 0.996693
61 95 0.99752
61 97 0.99814
61 99 0.998605
61 101 0.998954
61 103 0.999216
61 105 0.999412
61 107 0.999559
61 109 0.999669
61 111 0.999752
61 113 0.999814
61 115 0.99986
61 117 0.999895
61 119 0.999922
61 121 0.999941
61 123 0.999956
61 125 0.999967
61 127 0.999975
62 1 0.673507
62 3 -0.960302
62 5 -0.807763
62 7 -0.836987
62 9 -0.95305
62 11 0.339943
62 13 0.529791
62 15 -0.796297
62 17 0.727198
62 19 -0.296053
62 21 -0.535711
62 23 0.986339
62 25 0.0297537
62 27 -0.992474
62 29 -0.402138
62 31 0.639873
62 33 0.996542
62 35 0.610419
62 37 -0.0630031
62 39 -0.63362
62 41 -0.941101
62 43 -0.992519
62 45 -0.864282
62 47 -0.639066
62 49 -0.380018
62 51 -0.126683
62 53 0.100375
62 55 0.293237
62 57 0.451337
62 59 0.577809
62 61 0.677246
62 63 0.75446
62 65 0.813878
62 67 0.859299
62 69 0.893851
62 71 0.920039
62 73 0.939834
62 75 0.954767
62 77 0.966016
62 79 0.974479
62 81 0.980842
62 83 0.985622
62 85 0.989211
62 87 0.991906
62 89 0.993928
62 91 0.995446
62 93 0.996584
62 95 0.997438
62 97 0.998079
62 99 0.998559
62 101 0.998919
62 103 0.99919
62 105 0.999392
62 107 0.999544
62 109 0.999658
62 111 0.999744
62 113 0.999808
62 115 0.999856
62 117 0.999892
62 119 0.999919
62 121 0.999939
62 123 0.999954
62 125 0.999966
62 127 0.999974
63 1 0.985897
63 3 -0.409694
63 5 -0.992875
63 7 -0.997527
63 9 -0.644839
63 11 0.740507
63 13 0.136233
63 15 -0.527772
63 17 0.477672
63 19 -0.0267127
63 21 -0.719087
63 23 0.932024
63 25 0.206098
63 27 -0.961946
63 29 -0.520301
63 31 0.547066
63 33 0.999859
63 35 0.676637
63 37 0.0119443
63 39 -0.58208
63 41 -0.92061
63 43 -0.997286
63 45 -0.884719
63 47 -0.666721
63 49 -0.409074
63 51 -0.153795
63 53 0.0767553
63 55 0.273544
63 57 0.435398
63 59 0.565173
63 61 0.667375
63 63 0.746831
63 65 0.808028
63 67 0.854838
63 69 0.890464
63 71 0.917475
63 73 0.937898
63 75 0.953308
63 77 0.964917
63 79 0.973653
63 81 0.980221
63 83 0.985155
63 85 0.988861
63 87 0.991643
63 89 0.993731
63 91 0.995298
63 93 0.996473
63 95 0.997355
63 97 0.998016
63 99 0.998512
63 101 0.998884
63 103 0.999163
63 105 0.999372
63 107 0.999529
63 109 0.999647
63 111 0.999735
63 113 0.999802
63 115 0.999851
63 117 0.999888
63 119 0.999916
63 121 0.999937
63 123 0.999953
63 125 0.999965
63 127 0.999974
