0 0 0
0 2 0
0 4 0
0 6 0
0 8 0
0 10 0
0 12 0
0 14 0
0 16 0
0 18 0
0 20 0
0 22 0
0 24 0
0 26 0
0 28 0
0 30 0
0 32 0
0 34 0
0 36 0
0 38 0
0 40 0
0 42 0
0 44 0
0 46 0
0 48 0
0 50 0
0 52 0
0 54 0
0 56 0
0 58 0
0 60 0
0 62 0
0 64 0
0 66 0
0 68 0
0 70 0
0 72 0
0 74 0
0 76 0
0 78 0
0 80 0
0 82 0
0 84 0
0 86 0
0 88 0
0 90 0
0 92 0
0 94 0
0 96 0
0 98 0
0 100 0
0 102 0
0 104 0
0 106 0
0 108 0
0 110 0
0 112 0
0 114 0
0 116 0
0 118 0
0 120 0
0 122 0
0 124 0
0 126 0
1 0 0.841471
1 2 0.76172
1 4 0.681561
1 6 0.604694
1 8 0.533168
1 10 0.467948
1 12 0.409309
1 14 0.357112
1 16 0.310984
1 18 0.270432
1 20 0.234921
1 22 0.203912
1 24 0.176892
1 26 0.153385
1 28 0.132957
1 30 0.115222
1 32 0.0998334
1 34 0.0864882
1 36 0.0749192
1 38 0.0648925
1 40 0.0562045
1 42 0.0486775
1 44 0.0421572
1 46 0.0365093
1 48 0.0316175
1 50 0.0273808
1 52 0.0237115
1 54 0.0205338
1 56 0.0177819
1 58 0.0153987
1 60 0.0133348
1 62 0.0115476
1 64 0.00999983
1 66 0.00865954
1 68 0.00749887
1 70 0.00649377
1 72 0.00562338
1 74 0.00486966
1 76 0.00421695
1 78 0.00365173
1 80 0.00316227
1 82 0.00273842
1 84 0.00237137
1 86 0.00205352
1 88 0.00177828
1 90 0.00153993
1 92 0.00133352
1 94 0.00115478
1 96 0.001
1 98 0.000865964
1 100 0.000749894
1 102 0.000649382
1 104 0.000562341
1 106 0.000486968
1 108 0.000421696
1 110 0.000365174
1 112 0.000316228
1 114 0.000273842
1 116 0.000237137
1 118 0.000205352
1 120 0.000177828
1 122 0.000153993
1 124 0.000133352
1 126 0.000115478
2 0 0.909297
2 2 0.987046
2 4 0.99748
2 6 0.963227
2 8 0.902131
2 10 0.827104
2 12 0.746904
2 14 0.667129
2 16 0.591127
2 18 0.520711
2 20 0.456693
2 22 0.399256
2 24 0.348205
2 26 0.303139
2 28 0.263554
2 30 0.228909
2 32 0.198669
2 34 0.172328
2 36 0.149417
2 38 0.129512
2 40 0.112231
2 42 0.0972396
2 44 0.0842393
2 46 0.0729699
2 48 0.0632034
2 50 0.054741
2 52 0.0474097
2 54 0.041059
2 56 0.0355581
2 58 0.0307937
2 60 0.0266673
2 62 0.0230936
2 64 0.0199987
2 66 0.0173184
2 68 0.0149973
2 70 0.0129873
2 72 0.0112466
2 74 0.0097392
2 76 0.00843383
2 78 0.00730342
2 80 0.00632451
2 82 0.00547681
2 84 0.00474273
2 86 0.00410704
2 88 0.00355655
2 90 0.00307985
2 92 0.00266704
2 94 0.00230956
2 96 0.002
2 98 0.00173193
2 100 0.00149979
2 102 0.00129876
2 104 0.00112468
2 106 0.000973935
2 108 0.000843393
2 110 0.000730348
2 112 0.000632456
2 114 0.000547684
2 116 0.000474275
2 118 0.000410705
2 120 0.000355656
2 122 0.000307985
2 124 0.000266704
2 126 0.000230956
3 0 0.14112
3 2 0.517306
3 4 0.778273
3 6 0.929645
3 8 0.993253
3 10 0.993968
3 12 0.953634
3 14 0.889167
3 16 0.812649
3 18 0.732186
3 20 0.652904
3 22 0.577822
3 24 0.508536
3 26 0.44572
3 28 0.38947
3 30 0.339546
3 32 0.29552
3 34 0.256877
3 36 0.223075
3 38 0.193585
3 40 0.167903
3 42 0.145571
3 44 0.126172
3 46 0.109333
3 48 0.0947261
3 50 0.0820602
3 52 0.0710812
3 54 0.0615668
3 56 0.0533231
3 58 0.0461814
3 60 0.039995
3 62 0.0346365
3 64 0.0299955
3 66 0.025976
3 68 0.0224949
3 70 0.0194802
3 72 0.0168694
3 74 0.0146085
3 76 0.0126506
3 78 0.010955
3 80 0.00948669
3 82 0.00821517
3 84 0.00711406
3 86 0.00616054
3 88 0.00533481
3 90 0.00461976
3 92 0.00400055
3 94 0.00346434
3 96 0.003
3 98 0.00259789
3 100 0.00224968
3 102 0.00194814
3 104 0.00168702
3 106 0.0014609
3 108 0.00126509
3 110 0.00109552
3 112 0.000948683
3 114 0.000821526
3 116 0.000711412
3 118 0.000616057
3 120 0.000533484
3 122 0.000461978
3 124 0.000400056
3 126 0.000346435
4 0 -0.756802
4 2 -0.316715
4 4 0.141539
4 6 0.517619
4 8 0.778472
4 10 0.929746
4 12 0.993281
4 14 0.993945
4 16 0.953581
4 18 0.889097
4 20 0.812571
4 22 0.732107
4 24 0.652828
4 26 0.577751
4 28 0.508471
4 30 0.445661
4 32 0.389418
4 34 0.3395
4 36 0.29548
4 38 0.256842
4 40 0.223044
4 42 0.193558
4 44 0.16788
4 46 0.145551
4 48 0.126154
4 50 0.109318
4 52 0.0947128
4 54 0.0820487
4 56 0.0710712
4 58 0.0615581
4 60 0.0533156
4 62 0.0461749
4 64 0.0399893
4 66 0.0346316
4 68 0.0299913
4 70 0.0259723
4 72 0.0224918
4 74 0.0194775
4 76 0.0168671
4 78 0.0146064
4 80 0.0126488
4 82 0.0109535
4 84 0.00948535
4 86 0.00821401
4 88 0.00711306
4 90 0.00615967
4 92 0.00533406
4 94 0.00461911
4 96 0.00399999
4 98 0.00346385
4 100 0.00299957
4 102 0.00259752
4 104 0.00224936
4 106 0.00194787
4 108 0.00168679
4 110 0.0014607
4 112 0.00126491
4 114 0.00109537
4 116 0.000948549
4 118 0.00082141
4 120 0.000711312
4 122 0.000615971
4 124 0.000533409
4 126 0.000461913
5 0 -0.958924
5 2 -0.927709
5 4 -0.571127
5 6 -0.105121
5 8 0.323935
5 10 0.649369
5 12 0.858896
5 14 0.967645
5 16 0.999947
5 18 0.97975
5 20 0.926757
5 22 0.855628
5 24 0.77653
5 26 0.696109
5 28 0.618444
5 30 0.54584
5 32 0.479426
5 34 0.41958
5 36 0.366223
5 38 0.319016
5 40 0.277481
5 42 0.241085
5 44 0.209289
5 46 0.181574
5 48 0.157456
5 50 0.136494
5 52 0.118291
5 54 0.102496
5 56 0.0887969
5 58 0.0769203
5 60 0.0666267
5 62 0.057707
5 64 0.0499792
5 66 0.0432847
5 68 0.0374859
5 70 0.0324634
5 72 0.0281134
5 74 0.024346
5 76 0.0210833
5 78 0.0182577
5 80 0.0158107
5 82 0.0136917
5 84 0.0118566
5 86 0.0102674
5 88 0.00889128
5 90 0.00769956
5 92 0.00666756
5 94 0.00577388
5 96 0.00499998
5 98 0.00432981
5 100 0.00374946
5 102 0.0032469
5 104 0.0028117
5 106 0.00243484
5 108 0.00210848
5 110 0.00182587
5 112 0.00158114
5 114 0.00136921
5 116 0.00118569
5 118 0.00102676
5 120 0.00088914
5 122 0.000769963
5 124 0.000666761
5 126 0.000577391
6 0 -0.279415
6 2 -0.885421
6 4 -0.977396
6 6 -0.685068
6 8 -0.230367
6 10 0.218022
6 12 0.574026
6 14 0.813734
6 16 0.947148
6 18 0.997391
6 20 0.989072
6 22 0.943194
6 24 0.875741
6 26 0.797992
6 28 0.717435
6 30 0.638747
6 32 0.564642
6 34 0.496514
6 36 0.434908
6 38 0.379845
6 40 0.331039
6 42 0.288041
6 44 0.250327
6 46 0.217356
6 48 0.1886
6 50 0.163567
6 52 0.141803
6 54 0.1229
6 56 0.106494
6 58 0.0922642
6 60 0.0799259
6 62 0.0692315
6 64 0.059964
6 66 0.0519345
6 68 0.0449785
6 70 0.038953
6 72 0.0337341
6 74 0.0292139
6 76 0.0252991
6 78 0.0219087
6 80 0.0189725
6 82 0.0164298
6 84 0.0142278
6 86 0.0123208
6 88 0.0106695
6 90 0.00923943
6 92 0.00800104
6 94 0.00692864
6 96 0.00599996
6 98 0.00519576
6 100 0.00449935
6 102 0.00389628
6 104 0.00337404
6 106 0.0029218
6 108 0.00253018
6 110 0.00219104
6 112 0.00189737
6 114 0.00164305
6 116 0.00142282
6 118 0.00123211
6 120 0.00106697
6 122 0.000923956
6 124 0.000800113
6 126 0.000692869
7 0 0.656987
7 2 -0.21963
7 4 -0.859313
7 6 -0.986135
7 8 -0.713721
7 10 -0.264013
7 12 0.188581
7 14 0.552511
7 16 0.800422
7 18 0.940704
7 20 0.996027
7 22 0.991125
7 24 0.947331
7 26 0.880989
7 28 0.803687
7 30 0.723147
7 32 0.644218
7 34 0.569728
7 36 0.501149
7 38 0.439073
7 40 0.383552
7 42 0.334314
7 44 0.290919
7 46 0.252847
7 48 0.219556
7 50 0.190518
7 52 0.165235
7 54 0.143252
7 56 0.124158
7 58 0.107586
7 60 0.093211
7 62 0.0807467
7 64 0.0699428
7 66 0.0605804
7 68 0.0524685
7 70 0.0454411
7 72 0.0393537
7 74 0.0340811
7 76 0.0295145
7 78 0.0255594
7 80 0.0221341
7 82 0.0191678
7 84 0.0165989
7 86 0.0143742
7 88 0.0124476
7 90 0.0107793
7 92 0.00933451
7 94 0.00808339
7 96 0.00699994
7 98 0.00606171
7 100 0.00524924
7 102 0.00454566
7 104 0.00393638
7 106 0.00340877
7 108 0.00295187
7 110 0.00255622
7 112 0.00221359
7 114 0.00191689
7 116 0.00165996
7 118 0.00143747
7 120 0.0012448
7 122 0.00107795
7 124 0.000933465
7 126 0.000808347
8 0 0.989358
8 2 0.600822
8 4 -0.280228
8 6 -0.885762
8 8 -0.977262
8 10 -0.684668
8 12 -0.229904
8 14 0.218424
8 16 0.574318
8 18 0.813914
8 20 0.947234
8 22 0.997407
8 24 0.989042
8 26 0.943136
8 28 0.875668
8 30 0.797913
8 32 0.717356
8 34 0.638672
8 36 0.564573
8 38 0.496451
8 40 0.434851
8 42 0.379794
8 44 0.330994
8 46 0.288002
8 48 0.250292
8 50 0.217325
8 52 0.188574
8 54 0.163544
8 56 0.141783
8 58 0.122883
8 60 0.106479
8 62 0.0922512
8 64 0.0799147
8 66 0.0692217
8 68 0.0599556
8 70 0.0519272
8 72 0.0449721
8 74 0.0389475
8 76 0.0337293
8 78 0.0292098
8 80 0.0252955
8 82 0.0219056
8 84 0.0189699
8 86 0.0164275
8 88 0.0142258
8 90 0.0123191
8 92 0.010668
8 94 0.00923812
8 96 0.00799991
8 98 0.00692766
8 100 0.00599912
8 102 0.00519503
8 104 0.00449872
8 106 0.00389573
8 108 0.00337357
8 110 0.00292139
8 112 0.00252982
8 114 0.00219073
8 116 0.0018971
8 118 0.00164282
8 120 0.00142262
8 122 0.00123194
8 124 0.00106682
8 126 0.000923825
9 0 0.412118
9 2 0.998182
9 4 0.449194
9 6 -0.424809
9 8 -0.939824
9 10 -0.946146
9 12 -0.608109
9 14 -0.144467
9 16 0.291259
9 18 0.626469
9 20 0.845423
9 22 0.961777
9 24 0.99956
9 26 0.982962
9 28 0.9321
9 30 0.862052
9 32 0.783327
9 34 0.70283
9 36 0.624823
9 38 0.551735
9 40 0.484776
9 42 0.424374
9 44 0.370481
9 46 0.322772
9 48 0.280778
9 50 0.24397
9 52 0.211807
9 54 0.183767
9 56 0.159363
9 58 0.13815
9 60 0.119729
9 62 0.103743
9 64 0.0898786
9 66 0.0778579
9 68 0.0674393
9 70 0.0584111
9 72 0.0505891
9 74 0.043813
9 76 0.0379436
9 78 0.0328598
9 80 0.0284567
9 82 0.0246433
9 84 0.0213407
9 86 0.0184807
9 88 0.0160038
9 90 0.0138589
9 92 0.0120014
9 94 0.0103929
9 96 0.00899988
9 98 0.0077936
9 100 0.006749
9 102 0.0058444
9 104 0.00506105
9 106 0.00438269
9 108 0.00379526
9 110 0.00328656
9 112 0.00284605
9 114 0.00246458
9 116 0.00213423
9 118 0.00184817
9 120 0.00160045
9 122 0.00138593
9 124 0.00120017
9 126 0.0010393
10 0 -0.544021
10 2 0.692634
10 4 0.937633
10 6 0.209077
10 8 -0.612937
10 10 -0.987656
10 12 -0.879767
10 14 -0.488307
10 16 -0.0206835
10 18 0.392339
10 20 0.696292
10 22 0.885732
10 24 0.978553
10 26 0.999524
10 28 0.971982
10 30 0.914707
10 32 0.841471
10 34 0.76172
10 36 0.681561
10 38 0.604694
10 40 0.533168
10 42 0.467948
10 44 0.409309
10 46 0.357112
10 48 0.310984
10 50 0.270432
10 52 0.234921
10 54 0.203912
10 56 0.176892
10 58 0.153385
10 60 0.132957
10 62 0.115222
10 64 0.0998334
10 66 0.0864882
10 68 0.0749192
10 70 0.0648925
10 72 0.0562045
10 74 0.0486775
10 76 0.0421572
10 78 0.0365093
10 80 0.0316175
10 82 0.0273808
10 84 0.0237115
10 86 0.0205338
10 88 0.0177819
10 90 0.0153987
10 92 0.0133348
10 94 0.0115476
10 96 0.00999983
10 98 0.00865954
10 100 0.00749887
10 102 0.00649377
10 104 0.00562338
10 106 0.00486966
10 108 0.00421695
10 110 0.00365173
10 112 0.00316227
10 114 0.00273842
10 116 0.00237137
10 118 0.00205352
10 120 0.00177828
10 122 0.00153993
10 124 0.00133352
10 126 0.00115478
11 0 -0.99999
11 2 -0.100659
11 4 0.923052
11 6 0.757851
11 8 -0.0972767
11 10 -0.799548
11 12 -0.997283
11 14 -0.76775
11 16 -0.330575
11 18 0.128971
11 20 0.50819
11 22 0.772466
11 24 0.926682
11 26 0.99243
11 28 0.994605
11 30 0.955178
11 32 0.891207
11 34 0.814902
11 36 0.734469
11 38 0.655104
11 40 0.579875
11 42 0.510412
11 44 0.447409
11 46 0.390976
11 48 0.340878
11 50 0.296691
11 52 0.257903
11 54 0.223972
11 56 0.194366
11 58 0.168583
11 60 0.146162
11 62 0.126685
11 64 0.109778
11 66 0.0951121
11 68 0.0823948
11 70 0.0713712
11 72 0.0618181
11 74 0.0535408
11 76 0.04637
11 78 0.0401584
11 80 0.034778
11 82 0.0301181
11 84 0.0260822
11 86 0.0225869
11 88 0.0195598
11 90 0.0169384
11 92 0.0146682
11 94 0.0127023
11 96 0.0109998
11 98 0.00952546
11 100 0.00824874
11 102 0.00714314
11 104 0.00618572
11 106 0.00535662
11 108 0.00463864
11 110 0.0040169
11 112 0.0034785
11 114 0.00301226
11 116 0.00260851
11 118 0.00225888
11 120 0.00195611
11 122 0.00169392
11 124 0.00146687
11 126 0.00127026
12 0 -0.536573
12 2 -0.823069
12 4 0.413275
12 6 0.998115
12 8 0.448343
12 10 -0.425555
12 12 -0.940067
12 14 -0.945945
12 16 -0.607684
12 18 -0.144008
12 20 0.291643
12 22 0.62674
12 24 0.845584
12 26 0.961849
12 28 0.999567
12 30 0.982926
12 32 0.932039
12 34 0.861977
12 36 0.783248
12 38 0.702752
12 40 0.624749
12 42 0.551667
12 44 0.484714
12 46 0.424318
12 48 0.370431
12 50 0.322728
12 52 0.28074
12 54 0.243937
12 56 0.211778
12 58 0.183741
12 60 0.15934
12 62 0.138131
12 64 0.119712
12 66 0.103729
12 68 0.0898659
12 70 0.077847
12 72 0.0674298
12 74 0.0584029
12 76 0.050582
12 78 0.0438069
12 80 0.0379382
12 82 0.0328551
12 84 0.0284526
12 86 0.0246398
12 88 0.0213377
12 90 0.0184781
12 92 0.0160016
12 94 0.0138569
12 96 0.0119997
12 98 0.0103914
12 100 0.00899861
12 102 0.0077925
12 104 0.00674804
12 106 0.00584358
12 108 0.00506034
12 110 0.00438208
12 112 0.00379472
12 114 0.0032861
12 116 0.00284564
12 118 0.00246423
12 120 0.00213393
12 122 0.00184791
12 124 0.00160022
12 126 0.00138574
13 0 0.420167
13 2 -0.965884
13 4 -0.318216
13 6 0.832063
13 8 0.855881
13 10 0.0473748
13 12 -0.718143
13 14 -0.999392
13 16 -0.824528
13 18 -0.406256
13 20 0.0587729
13 22 0.454678
13 24 0.737816
13 26 0.908503
13 28 0.98678
13 30 0.99758
13 32 0.963558
13 34 0.902592
13 36 0.827625
13 38 0.747437
13 40 0.667647
13 42 0.591613
13 44 0.521156
13 46 0.457095
13 48 0.399614
13 50 0.348523
13 52 0.303419
13 54 0.263799
13 56 0.229123
13 58 0.198856
13 60 0.172491
13 62 0.149558
13 64 0.129634
13 66 0.112338
13 68 0.0973319
13 70 0.0843194
13 72 0.0730393
13 74 0.0632635
13 76 0.0547931
13 78 0.0474548
13 80 0.041098
13 82 0.0355919
13 84 0.030823
13 86 0.0266927
13 88 0.0231156
13 90 0.0200177
13 92 0.0173349
13 94 0.0150116
13 96 0.0129996
13 98 0.0112573
13 100 0.00974847
13 102 0.00844186
13 104 0.00731037
13 106 0.00633054
13 108 0.00548203
13 110 0.00474725
13 112 0.00411095
13 114 0.00355994
13 116 0.00308278
13 118 0.00266958
13 120 0.00231176
13 122 0.0020019
13 124 0.00173358
13 126 0.00150122
14 0 0.990607
14 2 -0.428534
14 4 -0.87899
14 6 0.327291
14 8 0.999823
14 10 0.50929
14 12 -0.370395
14 14 -0.921042
14 16 -0.959605
14 18 -0.638228
14 20 -0.177387
14 22 0.263509
14 24 0.606779
14 26 0.833656
14 28 0.956472
14 30 0.998947
14 32 0.98545
14 34 0.936443
14 36 0.86735
14 38 0.788972
14 40 0.708435
14 42 0.630156
14 44 0.556673
14 46 0.489262
14 48 0.428398
14 50 0.374056
14 52 0.325927
14 54 0.283549
14 56 0.246395
14 58 0.213924
14 60 0.18561
14 62 0.160966
14 64 0.139543
14 66 0.120938
14 68 0.104792
14 70 0.0907882
14 72 0.0786465
14 74 0.0681227
14 76 0.0590032
14 78 0.0511021
14 80 0.0442574
14 82 0.0383285
14 84 0.0331931
14 86 0.0287454
14 88 0.0248933
14 90 0.0215573
14 92 0.0186682
14 94 0.0161662
14 96 0.0139995
14 98 0.0121232
14 100 0.0104983
14 102 0.00909122
14 104 0.0078727
14 106 0.00681749
14 108 0.00590372
14 110 0.00511242
14 112 0.00442717
14 114 0.00383378
14 116 0.00331992
14 118 0.00287493
14 120 0.00248959
14 122 0.0021559
14 124 0.00186693
14 126 0.00161669
15 0 0.650288
15 2 0.410584
15 4 -0.968206
15 6 -0.310716
15 8 0.835838
15 10 0.852802
15 12 0.0422497
15 14 -0.721228
15 16 -0.999519
15 18 -0.822639
15 20 -0.403618
15 22 0.0612667
15 24 0.456603
15 26 0.73908
15 28 0.90918
15 30 0.987007
15 32 0.997495
15 34 0.963276
15 36 0.902199
15 38 0.827181
15 40 0.746983
15 42 0.667206
15 44 0.591199
15 46 0.520777
15 48 0.456753
15 50 0.399309
15 52 0.348252
15 54 0.303181
15 56 0.26359
15 58 0.22894
15 60 0.198697
15 62 0.172352
15 64 0.149438
15 66 0.12953
15 68 0.112247
15 70 0.0972533
15 72 0.0842512
15 74 0.0729802
15 76 0.0632123
15 78 0.0547487
15 80 0.0474164
15 82 0.0410647
15 84 0.0355631
15 86 0.030798
15 88 0.026671
15 90 0.0230968
15 92 0.0200015
15 94 0.0173209
15 96 0.0149994
15 98 0.0129891
15 100 0.0112482
15 102 0.00974057
15 104 0.00843502
15 106 0.00730445
15 108 0.00632541
15 110 0.00547758
15 112 0.0047434
15 114 0.00410762
15 116 0.00355705
15 118 0.00308028
15 120 0.00266742
15 122 0.00230989
15 124 0.00200028
15 126 0.00173217
16 0 -0.287903
16 2 0.960574
16 4 -0.538001
16 6 -0.822236
16 8 0.41443
16 10 0.998047
16 12 0.447492
16 14 -0.426301
16 16 -0.94031
16 18 -0.945745
16 20 -0.607258
16 22 -0.14355
16 24 0.292027
16 26 0.627011
16 28 0.845744
16 30 0.96192
16 32 0.999574
16 34 0.98289
16 36 0.931978
16 38 0.861903
16 40 0.783169
16 42 0.702673
16 44 0.624674
16 46 0.551598
16 48 0.484651
16 50 0.424262
16 52 0.370382
16 54 0.322684
16 56 0.280701
16 58 0.243903
16 60 0.211748
16 62 0.183716
16 64 0.159318
16 66 0.138111
16 68 0.119695
16 70 0.103714
16 72 0.0898533
16 74 0.077836
16 76 0.0674203
16 78 0.0583946
16 80 0.0505749
16 82 0.0438007
16 84 0.0379329
16 86 0.0328505
16 88 0.0284486
16 90 0.0246363
16 92 0.0213347
16 94 0.0184755
16 96 0.0159993
16 98 0.013855
16 100 0.011998
16 102 0.0103899
16 104 0.00899734
16 106 0.0077914
16 108 0.00674709
16 110 0.00584275
16 112 0.00505962
16 114 0.00438146
16 116 0.00379419
16 118 0.00328563
16 120 0.00284524
16 122 0.00246388
16 124 0.00213363
16 126 0.00184765
17 0 -0.961397
17 2 0.834139
17 4 0.180831
17 6 -0.999036
17 8 -0.134615
17 10 0.911259
17 12 0.77433
17 14 -0.0751542
17 16 -0.787852
17 18 -0.998372
17 20 -0.77691
17 22 -0.342334
17 24 0.11824
17 26 0.500103
17 28 0.767291
17 30 0.92402
17 32 0.991665
17 34 0.995137
17 36 0.956518
17 38 0.892992
17 40 0.81688
17 42 0.736475
17 44 0.657039
17 46 0.581683
17 48 0.512065
17 50 0.448898
17 52 0.392303
17 54 0.342052
17 56 0.297724
17 58 0.258808
17 60 0.224762
17 62 0.195054
17 64 0.169182
17 66 0.146683
17 68 0.127137
17 70 0.110171
17 72 0.0954525
17 74 0.08269
17 76 0.071627
17 78 0.0620397
17 80 0.0537328
17 82 0.0465363
17 84 0.0403024
17 86 0.0349028
17 88 0.0302261
17 90 0.0261758
17 92 0.0226679
17 94 0.01963
17 96 0.0169992
17 98 0.0147209
17 100 0.0127479
17 102 0.0110393
17 104 0.00955966
17 106 0.00827835
17 108 0.00716878
17 110 0.00620792
17 112 0.00537585
17 114 0.0046553
17 116 0.00403132
17 118 0.00349099
17 120 0.00302307
17 122 0.00261787
17 124 0.00226698
17 126 0.00196313
18 0 -0.750987
18 2 0.120313
18 4 0.80265
18 6 -0.769144
18 8 -0.642201
18 10 0.612613
18 12 0.965499
18 14 0.285903
18 16 -0.557263
18 18 -0.976598
18 20 -0.903077
18 22 -0.526733
18 24 -0.0592755
18 26 0.361359
18 28 0.675213
18 30 0.873811
18 32 0.973848
18 34 0.999927
18 36 0.975682
18 38 0.920316
18 40 0.848008
18 42 0.768531
18 44 0.688235
18 46 0.610992
18 48 0.538967
18 50 0.473196
18 52 0.414003
18 54 0.361275
18 56 0.314652
18 58 0.273651
18 60 0.237736
18 62 0.206367
18 64 0.17903
18 66 0.155243
18 68 0.134571
18 70 0.116623
18 72 0.101049
18 74 0.087542
18 76 0.0758325
18 78 0.065684
18 80 0.0568903
18 82 0.0492716
18 84 0.0426718
18 86 0.036955
18 88 0.0320036
18 90 0.0277151
18 92 0.0240011
18 94 0.0207846
18 96 0.017999
18 98 0.0155867
18 100 0.0134977
18 102 0.0116886
18 104 0.010122
18 106 0.0087653
18 108 0.00759046
18 110 0.00657309
18 112 0.00569207
18 114 0.00492914
18 116 0.00426846
18 118 0.00369634
18 120 0.0032009
18 122 0.00277186
18 124 0.00240034
18 126 0.00207861
19 0 0.149877
19 2 -0.678236
19 4 0.993865
19 6 -0.226146
19 8 -0.952001
19 10 0.171542
19 12 0.987504
19 14 0.609257
19 16 -0.27141
19 18 -0.882046
19 20 -0.978697
19 22 -0.688997
19 24 -0.234922
19 26 0.214063
19 28 0.571147
19 30 0.811963
19 32 0.9463
19 34 0.997223
19 36 0.989361
19 38 0.94376
19 40 0.876455
19 42 0.798764
19 44 0.718208
19 46 0.639487
19 48 0.56533
19 50 0.49714
19 52 0.435471
19 54 0.380345
19 56 0.331481
19 58 0.288429
19 60 0.250667
19 62 0.217652
19 64 0.188859
19 66 0.163792
19 68 0.141998
19 70 0.12307
19 72 0.106642
19 74 0.0923919
19 76 0.0800366
19 78 0.0693274
19 80 0.0600471
19 82 0.0520065
19 84 0.0450409
19 86 0.0390071
19 88 0.0337809
19 90 0.0292544
19 92 0.0253342
19 94 0.0219391
19 96 0.0189989
19 98 0.0164526
19 100 0.0142475
19 102 0.0123379
19 104 0.0106843
19 106 0.00925225
19 108 0.00801215
19 110 0.00693825
19 112 0.00600829
19 114 0.00520297
19 116 0.00450559
19 118 0.00390169
19 120 0.00337872
19 122 0.00292586
19 124 0.00253369
19 126 0.00219408
20 0 0.912945
20 2 -0.999179
20 4 0.651894
20 6 0.408912
20 8 -0.968602
20 10 -0.30941
20 12 0.836491
20 14 0.852264
20 16 0.0413582
20 18 -0.721763
20 20 -0.999539
20 22 -0.822309
20 24 -0.403159
20 26 0.0617004
20 28 0.456938
20 30 0.739299
20 32 0.909297
20 34 0.987046
20 36 0.99748
20 38 0.963227
20 40 0.902131
20 42 0.827104
20 44 0.746904
20 46 0.667129
20 48 0.591127
20 50 0.520711
20 52 0.456693
20 54 0.399256
20 56 0.348205
20 58 0.303139
20 60 0.263554
20 62 0.228909
20 64 0.198669
20 66 0.172328
20 68 0.149417
20 70 0.129512
20 72 0.112231
20 74 0.0972396
20 76 0.0842393
20 78 0.0729699
20 80 0.0632034
20 82 0.054741
20 84 0.0474097
20 86 0.041059
20 88 0.0355581
20 90 0.0307937
20 92 0.0266673
20 94 0.0230936
20 96 0.0199987
20 98 0.0173184
20 100 0.0149973
20 102 0.0129873
20 104 0.0112466
20 106 0.0097392
20 108 0.00843383
20 110 0.00730342
20 112 0.00632451
20 114 0.00547681
20 116 0.00474273
20 118 0.00410704
20 120 0.00355655
20 122 0.00307985
20 124 0.00266704
20 126 0.00230956
21 0 0.836656
21 2 -0.616512
21 4 -0.0398046
21 6 0.877509
21 8 -0.686891
21 10 -0.718428
21 12 0.538917
21 14 0.982876
21 16 0.350025
21 18 -0.507692
21 20 -0.964436
21 22 -0.921066
21 24 -0.558681
21 26 -0.0921222
21 28 0.334616
21 30 0.656787
21 32 0.863209
21 34 0.969472
21 36 0.999992
21 38 0.978632
21 40 0.924955
21 42 0.853482
21 44 0.774271
21 46 0.693882
21 48 0.616334
21 50 0.543892
21 52 0.477659
21 54 0.417998
21 56 0.364819
21 58 0.317778
21 60 0.276394
21 62 0.240134
21 64 0.20846
21 66 0.180852
21 68 0.156828
21 70 0.135948
21 72 0.117817
21 74 0.102085
21 76 0.0884406
21 78 0.0766114
21 80 0.066359
21 82 0.0574751
21 84 0.0497783
21 86 0.0431107
21 88 0.0373352
21 90 0.0323328
21 92 0.0280003
21 94 0.024248
21 96 0.0209985
21 98 0.0181842
21 100 0.0157471
21 102 0.0136366
21 104 0.0118089
21 106 0.0102261
21 108 0.00885551
21 110 0.00766858
21 112 0.00664073
21 114 0.00575065
21 116 0.00497986
21 118 0.00431239
21 120 0.00373438
21 122 0.00323384
21 124 0.00280039
21 126 0.00242504
22 0 -0.00885131
22 2 0.200295
22 4 -0.710149
22 6 0.988886
22 8 -0.193631
22 10 -0.96042
22 12 0.146921
22 14 0.983871
22 16 0.62398
22 18 -0.255787
22 20 -0.875352
22 22 -0.981119
22 24 -0.696582
22 26 -0.243765
22 28 0.206352
22 30 0.565527
22 32 0.808496
22 34 0.944632
22 36 0.996883
22 38 0.989913
22 40 0.944855
22 42 0.877838
22 44 0.800262
22 46 0.719709
22 48 0.640924
22 50 0.566665
22 52 0.498357
22 54 0.436564
22 56 0.381318
22 58 0.33234
22 60 0.289184
22 62 0.251328
22 64 0.21823
22 66 0.189362
22 68 0.164229
22 70 0.142378
22 72 0.1234
22 74 0.106928
22 76 0.0926402
22 78 0.0802519
22 80 0.069514
22 82 0.0602088
22 84 0.0521466
22 86 0.0451622
22 88 0.0391122
22 90 0.0338719
22 92 0.0293333
22 94 0.0254025
22 96 0.0219982
22 98 0.0190501
22 100 0.0164969
22 102 0.0142859
22 104 0.0123712
22 106 0.0107131
22 108 0.00927719
22 110 0.00803374
22 112 0.00695695
22 114 0.00602449
22 116 0.005217
22 118 0.00451774
22 120 0.0039122
22 122 0.00338783
22 124 0.00293374
22 126 0.00254052
23 0 -0.84622
23 2 0.876057
23 4 -0.999514
23 6 0.697703
23 8 0.359265
23 10 -0.979126
23 12 -0.270817
23 14 0.855115
23 16 0.836055
23 18 0.0151793
23 20 -0.737274
23 22 -0.999943
23 24 -0.812513
23 26 -0.389638
23 28 0.0744245
23 30 0.466734
23 32 0.745705
23 34 0.912713
23 36 0.988172
23 38 0.99702
23 40 0.961768
23 42 0.900111
23 44 0.82483
23 46 0.744577
23 48 0.664873
23 50 0.589013
23 52 0.518774
23 54 0.454945
23 56 0.397696
23 58 0.346824
23 60 0.301924
23 62 0.262488
23 64 0.227978
23 66 0.197858
23 68 0.171622
23 70 0.148803
23 72 0.128978
23 74 0.111769
23 76 0.0968382
23 78 0.0838913
23 80 0.0726683
23 82 0.062942
23 84 0.0545146
23 86 0.0472135
23 88 0.040889
23 90 0.0354109
23 92 0.0306662
23 94 0.0265569
23 96 0.022998
23 98 0.0199159
23 100 0.0172467
23 102 0.0149352
23 104 0.0129335
23 106 0.0112
23 108 0.00969887
23 110 0.00839891
23 112 0.00727317
23 114 0.00629832
23 116 0.00545413
23 118 0.00472309
23 120 0.00409003
23 122 0.00354182
23 124 0.00306709
23 126 0.002656
24 0 -0.905578
24 2 0.93491
24 4 -0.752661
24 6 0.122496
24 8 0.801513
24 10 -0.770197
24 12 -0.641106
24 14 0.61359
24 16 0.965219
24 18 0.285015
24 20 -0.557929
24 22 -0.976747
24 24 -0.902818
24 26 -0.52629
24 28 -0.0588248
24 30 0.361723
24 32 0.675463
24 34 0.873953
24 36 0.973905
24 38 0.999925
24 40 0.97564
24 42 0.920251
24 44 0.847932
24 46 0.768452
24 48 0.688158
24 50 0.610919
24 52 0.538899
24 54 0.473135
24 56 0.413948
24 58 0.361226
24 60 0.314609
24 62 0.273613
24 64 0.237703
24 66 0.206338
24 68 0.179005
24 70 0.155221
24 72 0.134553
24 74 0.116606
24 76 0.101034
24 78 0.0875296
24 80 0.0758218
24 82 0.0656748
24 84 0.0568823
24 86 0.0492647
24 88 0.0426657
24 90 0.0369498
24 92 0.0319991
24 94 0.0277112
24 96 0.0239977
24 98 0.0207816
24 100 0.0179965
24 102 0.0155845
24 104 0.0134958
24 106 0.011687
24 108 0.0101205
24 110 0.00876407
24 112 0.00758939
24 114 0.00657216
24 116 0.00569127
24 118 0.00492844
24 120 0.00426786
24 122 0.00369582
24 124 0.00320045
24 126 0.00277147
25 0 -0.132352
25 2 0.33541
25 4 -0.102023
25 6 -0.502577
25 8 0.99691
25 10 -0.382206
25 12 -0.899067
25 14 0.291146
25 16 0.998663
25 18 0.53361
25 20 -0.347357
25 22 -0.912508
25 24 -0.964648
25 26 -0.650486
25 28 -0.19103
25 30 0.251895
25 32 0.598472
25 34 0.828645
25 36 0.954165
25 38 0.998614
25 40 0.986428
25 42 0.938209
25 44 0.869526
25 46 0.791302
25 48 0.710754
25 50 0.632367
25 52 0.558721
25 54 0.491125
25 56 0.43007
25 58 0.375542
25 60 0.327239
25 62 0.284702
25 64 0.247404
25 66 0.214804
25 68 0.186377
25 70 0.161633
25 72 0.140123
25 74 0.121441
25 76 0.105229
25 78 0.0911668
25 80 0.0789746
25 82 0.068407
25 84 0.0592496
25 86 0.0513156
25 88 0.0444423
25 90 0.0384887
25 92 0.0333319
25 94 0.0288655
25 96 0.0249974
25 98 0.0216474
25 100 0.0187463
25 102 0.0162338
25 104 0.0140581
25 106 0.0121739
25 108 0.0105422
25 110 0.00912923
25 112 0.00790561
25 114 0.006846
25 116 0.0059284
25 118 0.00513379
25 120 0.00444568
25 122 0.00384981
25 124 0.0033338
25 126 0.00288695
26 0 0.762558
26 2 -0.500281
26 4 0.603349
26 6 -0.923059
26 8 0.885277
26 10 0.0946432
26 12 -0.999505
26 14 -0.0696928
26 16 0.93307
26 18 0.74244
26 20 -0.117343
26 22 -0.809923
26 24 -0.996054
26 26 -0.759287
26 28 -0.319842
26 30 0.138711
26 32 0.515501
26 34 0.777125
26 36 0.929061
26 38 0.993094
26 40 0.994097
26 42 0.953943
26 44 0.889574
26 46 0.813097
26 48 0.73264
26 50 0.653341
26 52 0.57823
26 54 0.508909
26 56 0.446055
26 58 0.389769
26 60 0.339811
26 62 0.295753
26 64 0.257081
26 66 0.223253
26 68 0.19374
26 70 0.168038
26 72 0.145688
26 74 0.126274
26 76 0.109422
26 78 0.0948027
26 80 0.0821266
26 82 0.0711388
26 84 0.0616167
26 86 0.0533663
26 88 0.0462188
26 90 0.0400274
26 92 0.0346646
26 94 0.0300198
26 96 0.0259971
26 98 0.0225132
26 100 0.019496
26 102 0.0168831
26 104 0.0146204
26 106 0.0126608
26 108 0.0109639
26 110 0.00949438
26 112 0.00822183
26 114 0.00711983
26 116 0.00616553
26 118 0.00533914
26 120 0.00462351
26 122 0.0040038
26 124 0.00346715
26 126 0.00300243
27 0 0.956376
27 2 -0.983681
27 4 0.985037
27 6 -0.967778
27 8 0.500995
27 10 0.549489
27 12 -0.924821
27 14 -0.421341
27 16 0.774945
27 18 0.895942
27 20 0.119239
27 22 -0.673303
27 24 -0.996045
27 26 -0.850118
27 28 -0.442976
27 30 0.0236791
27 32 0.42738
27 34 0.719783
27 36 0.898736
27 38 0.983387
27 40 0.998623
27 42 0.967415
27 44 0.90804
27 46 0.833808
27 48 0.753793
27 50 0.673825
27 52 0.597413
27 54 0.526477
27 56 0.461899
27 58 0.403904
27 60 0.352322
27 62 0.306764
27 64 0.266731
27 66 0.231686
27 68 0.201091
27 70 0.174436
27 72 0.151249
27 74 0.131103
27 76 0.113612
27 78 0.0984373
27 80 0.0852778
27 82 0.07387
27 84 0.0639834
27 86 0.0554168
27 88 0.0479951
27 90 0.041566
27 92 0.0359973
27 94 0.0311741
27 96 0.0269967
27 98 0.0233789
27 100 0.0202458
27 102 0.0175324
27 104 0.0151826
27 106 0.0131477
27 108 0.0113856
27 110 0.00985954
27 112 0.00853805
27 114 0.00739367
27 116 0.00640267
27 118 0.00554449
27 120 0.00480134
27 122 0.00415779
27 124 0.0036005
27 126 0.00311791
28 0 0.270906
28 2 -0.774384
28 4 0.838274
28 6 -0.61853
28 8 -0.037585
28 10 0.876585
28 12 -0.688101
28 14 -0.717424
28 16 0.539969
28 18 0.982677
28 20 0.349147
28 22 -0.508391
28 24 -0.964621
28 26 -0.920829
28 28 -0.558244
28 30 -0.091668
28 32 0.334988
28 34 0.657045
28 36 0.863359
28 38 0.969535
28 40 0.999993
28 42 0.978593
28 44 0.924892
28 46 0.853407
28 48 0.774192
28 50 0.693804
28 52 0.61626
28 54 0.543824
28 56 0.477598
28 58 0.417943
28 60 0.36477
28 62 0.317734
28 64 0.276356
28 66 0.240101
28 68 0.208431
28 70 0.180827
28 72 0.156806
28 74 0.135929
28 76 0.117801
28 78 0.102071
28 80 0.0884281
28 82 0.0766006
28 84 0.0663497
28 86 0.057467
28 88 0.0497713
28 90 0.0431046
28 92 0.0373299
28 94 0.0323283
28 96 0.0279963
28 98 0.0242446
28 100 0.0209955
28 102 0.0181817
28 104 0.0157449
28 106 0.0136347
28 108 0.0118072
28 110 0.0102247
28 112 0.00885426
28 114 0.0076675
28 116 0.0066398
28 118 0.00574984
28 120 0.00497916
28 122 0.00431178
28 124 0.00373385
28 126 0.00323338
29 0 -0.663634
29 2 -0.0197746
29 4 0.241796
29 6 -0.0174877
29 8 -0.564589
29 10 0.999886
29 12 -0.33082
29 14 -0.918896
29 16 0.251445
29 18 0.99618
29 20 0.559513
29 22 -0.322115
29 24 -0.902774
29 26 -0.969747
29 28 -0.663599
29 30 -0.205794
29 32 0.239249
29 34 0.589384
29 36 0.823129
29 38 0.951595
29 40 0.998201
29 42 0.987451
29 44 0.940099
29 46 0.871869
29 48 0.793817
29 50 0.713262
29 52 0.63476
29 54 0.560941
29 56 0.493145
29 58 0.431882
29 60 0.377154
29 62 0.328662
29 64 0.285952
29 66 0.248498
29 68 0.215759
29 70 0.18721
29 72 0.162357
29 74 0.140752
29 76 0.121987
29 78 0.105703
29 80 0.0915776
29 82 0.0793307
29 84 0.0687156
29 86 0.059517
29 88 0.0515472
29 90 0.044643
29 92 0.0386625
29 94 0.0334824
29 96 0.0289959
29 98 0.0251103
29 100 0.0217452
29 102 0.018831
29 104 0.0163072
29 106 0.0141216
29 108 0.0122289
29 110 0.0105899
29 112 0.00917048
29 114 0.00794133
29 116 0.00687693
29 118 0.00595519
29 120 0.00515699
29 122 0.00446577
29 124 0.0038672
29 126 0.00334886
30 0 -0.988032
30 2 0.748759
30 4 -0.4844
30 6 0.590673
30 8 -0.91771
30 10 0.890725
30 12 0.0844239
30 14 -0.999186
30 16 -0.0620152
30 18 0.935446
30 20 0.738563
30 22 -0.122303
30 24 -0.812453
30 26 -0.995715
30 28 -0.757171
30 30 -0.317179
30 32 0.14112
30 34 0.517306
30 36 0.778273
30 38 0.929645
30 40 0.993253
30 42 0.993968
30 44 0.953634
30 46 0.889167
30 48 0.812649
30 50 0.732186
30 52 0.652904
30 54 0.577822
30 56 0.508536
30 58 0.44572
30 60 0.38947
30 62 0.339546
30 64 0.29552
30 66 0.256877
30 68 0.223075
30 70 0.193585
30 72 0.167903
30 74 0.145571
30 76 0.126172
30 78 0.109333
30 80 0.0947261
30 82 0.0820602
30 84 0.0710812
30 86 0.0615668
30 88 0.0533231
30 90 0.0461814
30 92 0.039995
30 94 0.0346365
30 96 0.0299955
30 98 0.025976
30 100 0.0224949
30 102 0.0194802
30 104 0.0168694
30 106 0.0146085
30 108 0.0126506
30 110 0.010955
30 112 0.00948669
30 114 0.00821517
30 116 0.00711406
30 118 0.00616054
30 120 0.00533481
30 122 0.00461976
30 124 0.00400055
30 126 0.00346434
31 0 -0.404038
31 2 0.990026
31 4 -0.950727
31 6 0.958381
31 8 -0.988193
31 10 0.574481
31 12 0.484876
31 14 -0.947707
31 16 -0.369325
31 18 0.805001
31 20 0.876274
31 22 0.0826479
31 24 -0.696508
31 26 -0.998117
31 28 -0.837299
31 30 -0.424339
31 32 0.0415807
31 34 0.441351
31 36 0.729042
31 38 0.903775
31 40 0.985165
31 42 0.998128
31 44 0.965475
31 46 0.905281
31 48 0.830668
31 50 0.750561
31 52 0.670681
31 54 0.594459
31 56 0.523767
31 58 0.459451
31 60 0.401718
31 62 0.350385
31 64 0.305059
31 66 0.265236
31 68 0.230379
31 70 0.199951
31 72 0.173444
31 74 0.150387
31 76 0.130354
31 78 0.112962
31 80 0.0978737
31 82 0.0847891
31 84 0.0734464
31 86 0.0636163
31 88 0.0550987
31 90 0.0477196
31 92 0.0413274
31 94 0.0357906
31 96 0.030995
31 98 0.0268417
31 100 0.0232446
31 102 0.0201295
31 104 0.0174317
31 106 0.0150954
31 108 0.0130722
31 110 0.0113202
31 112 0.0098029
31 114 0.008489
31 116 0.00735119
31 118 0.00636588
31 120 0.00551264
31 122 0.00477375
31 124 0.0041339
31 126 0.00357982
32 0 0.551427
32 2 0.534128
32 4 -0.907009
32 6 0.935946
32 8 -0.75433
32 10 0.124677
32 12 0.800373
32 14 -0.771247
32 16 -0.640009
32 18 0.614566
32 20 0.964939
32 22 0.284126
32 24 -0.558595
32 26 -0.976896
32 28 -0.902559
32 30 -0.525846
32 32 -0.0583741
32 34 0.362088
32 36 0.675713
32 38 0.874096
32 40 0.973963
32 42 0.999922
32 44 0.975598
32 46 0.920187
32 48 0.847856
32 50 0.768372
32 52 0.68808
32 54 0.610845
32 56 0.538832
32 58 0.473074
32 60 0.413893
32 62 0.361177
32 64 0.314567
32 66 0.273576
32 68 0.23767
32 70 0.20631
32 72 0.17898
32 74 0.1552
32 76 0.134534
32 78 0.11659
32 80 0.10102
32 82 0.0875173
32 84 0.0758112
32 86 0.0656655
32 88 0.0568742
32 90 0.0492577
32 92 0.0426597
32 94 0.0369446
32 96 0.0319945
32 98 0.0277073
32 100 0.0239943
32 102 0.0207787
32 104 0.017994
32 106 0.0155823
32 108 0.0134939
32 110 0.0116853
32 112 0.0101191
32 114 0.00876283
32 116 0.00758832
32 118 0.00657123
32 120 0.00569046
32 122 0.00492775
32 124 0.00426726
32 126 0.00369529
33 0 0.999912
33 2 -0.297897
33 4 -0.376701
33 6 0.532503
33 8 -0.288148
33 10 -0.354113
33 12 0.975639
33 14 -0.493078
33 16 -0.847224
33 18 0.378332
33 20 0.999595
33 22 0.473665
33 24 -0.403065
33 26 -0.932555
33 28 -0.951793
33 30 -0.620349
33 32 -0.157746
33 34 0.280112
33 36 0.618586
33 38 0.840732
33 40 0.959681
33 42 0.999345
33 44 0.983987
33 46 0.933866
33 48 0.864197
33 50 0.785608
33 52 0.705092
33 54 0.626974
33 56 0.553726
33 58 0.486584
33 60 0.425996
33 62 0.371921
33 64 0.324043
33 66 0.281895
33 68 0.244947
33 70 0.21266
33 72 0.184509
33 74 0.160009
33 76 0.138711
33 78 0.120216
33 80 0.104166
33 82 0.0902449
33 84 0.0781755
33 86 0.0677145
33 88 0.0586495
33 90 0.0507957
33 92 0.043992
33 94 0.0380986
33 96 0.032994
33 98 0.0285729
33 100 0.024744
33 102 0.021428
33 104 0.0185562
33 106 0.0160692
33 108 0.0139155
33 110 0.0120505
33 112 0.0104353
33 114 0.00903666
33 116 0.00782545
33 118 0.00677658
33 120 0.00586829
33 122 0.00508174
33 124 0.00440061
33 126 0.00381077
34 0 0.529083
34 2 -0.920146
34 4 0.355699
34 6 -0.087714
34 8 0.266779
34 10 -0.750575
34 12 0.979964
34 14 -0.149883
34 16 -0.97042
34 18 0.113903
34 20 0.978303
34 22 0.643299
34 24 -0.234822
34 26 -0.866144
34 28 -0.984126
34 30 -0.706589
34 32 -0.255541
34 34 0.196036
34 36 0.557982
34 38 0.803824
34 40 0.942366
34 42 0.996399
34 44 0.990626
34 46 0.9463
34 48 0.879673
34 50 0.802255
34 52 0.721708
34 54 0.642839
34 56 0.568445
34 58 0.499979
34 60 0.438022
34 62 0.382616
34 64 0.333487
34 66 0.290192
34 68 0.252211
34 70 0.219
34 72 0.190033
34 74 0.164814
34 76 0.142886
34 78 0.12384
34 80 0.10731
34 82 0.0929718
34 84 0.0805394
34 86 0.0697631
34 88 0.0604247
34 90 0.0523336
34 92 0.0453242
34 94 0.0392525
34 96 0.0339934
34 98 0.0294385
34 100 0.0254936
34 102 0.0220772
34 104 0.0191184
34 106 0.0165561
34 108 0.0143372
34 110 0.0124156
34 112 0.0107515
34 114 0.00931049
34 116 0.00806258
34 118 0.00698193
34 120 0.00604611
34 122 0.00523573
34 124 0.00453396
34 126 0.00392625
35 0 -0.428183
35 2 -0.894439
35 4 0.897274
35 6 -0.672224
35 8 0.739543
35 10 -0.972539
35 12 0.812592
35 14 0.213078
35 16 -0.99738
35 18 -0.159013
35 20 0.902255
35 22 0.785901
35 24 -0.0591728
35 26 -0.779234
35 28 -0.998985
35 30 -0.783417
35 32 -0.350783
35 34 0.110491
35 36 0.494242
35 38 0.763527
35 40 0.922071
35 42 0.99109
35 44 0.995504
35 46 0.957472
35 48 0.89427
35 50 0.8183
35 52 0.737918
35 54 0.658432
35 56 0.582985
35 58 0.513256
35 60 0.449971
35 62 0.393259
35 64 0.342898
35 66 0.298468
35 68 0.25946
35 70 0.225332
35 72 0.195551
35 74 0.169615
35 76 0.147059
35 78 0.127463
35 80 0.110454
35 82 0.095698
35 84 0.0829028
35 86 0.0718115
35 88 0.0621996
35 90 0.0538713
35 92 0.0466563
35 94 0.0404064
35 96 0.0349929
35 98 0.0303041
35 100 0.0262433
35 102 0.0227264
35 104 0.0196807
35 106 0.017043
35 108 0.0147588
35 110 0.0127807
35 112 0.0110677
35 114 0.00958432
35 116 0.00829971
35 118 0.00718728
35 120 0.00622394
35 122 0.00538972
35 124 0.00466731
35 126 0.00404173
36 0 -0.991779
36 2 -0.238879
36 4 0.957482
36 6 -0.983082
36 8 0.984541
36 10 -0.968398
36 12 0.502847
36 14 0.547939
36 16 -0.925431
36 18 -0.420079
36 20 0.775706
36 22 0.895478
36 24 0.118343
36 26 -0.673882
36 28 -0.996105
36 30 -0.849809
36 32 -0.44252
36 34 0.0241188
36 36 0.427724
36 38 0.720011
36 40 0.898861
36 42 0.983432
36 44 0.998612
36 46 0.967368
36 48 0.907973
36 50 0.833731
36 52 0.753714
36 54 0.673748
36 56 0.59734
36 58 0.526411
36 60 0.461839
36 62 0.40385
36 64 0.352274
36 66 0.306722
36 68 0.266695
36 70 0.231654
36 72 0.201063
36 74 0.174412
36 76 0.151228
36 78 0.131084
36 80 0.113596
36 82 0.0984235
36 84 0.0852658
36 86 0.0738596
36 88 0.0639743
36 90 0.055409
36 92 0.0479883
36 94 0.0415602
36 96 0.0359922
36 98 0.0311697
36 100 0.0269929
36 102 0.0233756
36 104 0.0202429
36 106 0.0175299
36 108 0.0151805
36 110 0.0131459
36 112 0.011384
36 114 0.00985815
36 116 0.00853684
36 118 0.00739262
36 120 0.00640176
36 122 0.00554371
36 124 0.00480066
36 126 0.0041572
37 0 -0.643538
37 2 0.584897
37 4 0.504021
37 6 -0.893743
37 8 0.926318
37 10 -0.739116
37 12 0.104999
37 14 0.810539
37 16 -0.761707
37 18 -0.649841
37 20 0.60574
37 22 0.967426
37 24 0.292125
37 26 -0.55258
37 28 -0.975538
37 30 -0.904881
37 32 -0.529836
37 34 -0.0624347
37 36 0.358802
37 38 0.673461
37 40 0.87281
37 42 0.973442
37 44 0.999945
37 46 0.975973
37 48 0.920767
37 50 0.848538
37 52 0.769085
37 54 0.68878
37 56 0.611507
37 58 0.539441
37 60 0.473626
37 62 0.414387
37 64 0.361615
37 66 0.314953
37 68 0.273915
37 70 0.237966
37 72 0.206568
37 74 0.179205
37 76 0.155395
37 78 0.134704
37 80 0.116737
37 82 0.101148
37 84 0.0876283
37 86 0.0759073
37 88 0.0657489
37 90 0.0569465
37 92 0.0493203
37 94 0.0427139
37 96 0.0369916
37 98 0.0320352
37 100 0.0277425
37 102 0.0240248
37 104 0.0208051
37 106 0.0180168
37 108 0.0156021
37 110 0.013511
37 112 0.0117002
37 114 0.010132
37 116 0.00877397
37 118 0.00759797
37 120 0.00657959
37 122 0.0056977
37 124 0.00493401
37 126 0.00427268
38 0 0.296369
38 2 0.996795
38 4 -0.219836
38 6 -0.440575
38 8 0.582807
38 10 -0.337999
38 12 -0.311246
38 14 0.966248
38 16 -0.522445
38 18 -0.831174
38 20 0.40187
38 22 0.998721
38 24 0.456695
38 26 -0.418202
38 28 -0.937649
38 30 -0.9479
38 32 -0.611858
38 34 -0.14852
38 36 0.287863
38 38 0.624071
38 40 0.843999
38 42 0.961144
38 44 0.999499
38 46 0.983278
38 48 0.932641
38 50 0.862708
38 52 0.784024
38 54 0.703521
38 56 0.62548
38 58 0.552343
38 60 0.485328
38 62 0.424869
38 64 0.37092
38 66 0.32316
38 68 0.281119
38 70 0.244268
38 72 0.212067
38 74 0.183993
38 76 0.15956
38 78 0.138321
38 80 0.119878
38 82 0.103872
38 84 0.0899903
38 86 0.0779548
38 88 0.0675232
38 90 0.0584838
38 92 0.0506521
38 94 0.0438676
38 96 0.0379909
38 98 0.0329007
38 100 0.0284921
38 102 0.024674
38 104 0.0213673
38 106 0.0185037
38 108 0.0160238
38 110 0.0138762
38 112 0.0120164
38 114 0.0104058
38 116 0.0090111
38 118 0.00780332
38 120 0.00675741
38 122 0.00585169
38 124 0.00506736
38 126 0.00438816
39 0 0.963795
39 2 0.706762
39 4 -0.825755
39 6 0.191944
39 8 0.0598012
39 10 0.141699
39 12 -0.672958
39 14 0.994532
39 16 -0.231372
39 18 -0.950568
39 20 0.175507
39 22 0.988048
39 24 0.60686
39 26 -0.273925
39 28 -0.883111
39 30 -0.978293
39 32 -0.687766
39 34 -0.233493
39 36 0.215306
39 38 0.572051
39 40 0.81252
39 42 0.946567
39 44 0.997277
39 46 0.989271
39 48 0.943583
39 50 0.876231
39 52 0.798522
39 54 0.717965
39 56 0.639255
39 58 0.565114
39 60 0.496944
39 62 0.435294
39 64 0.380188
39 66 0.331342
39 68 0.288307
39 70 0.25056
39 72 0.217559
39 74 0.188778
39 76 0.163721
39 78 0.141937
39 80 0.123016
39 82 0.106595
39 84 0.0923518
39 86 0.0800019
39 88 0.0692973
39 90 0.060021
39 92 0.0519839
39 94 0.0450213
39 96 0.0389901
39 98 0.0337662
39 100 0.0292417
39 102 0.0253232
39 104 0.0219296
39 106 0.0189906
39 108 0.0164454
39 110 0.0142413
39 112 0.0123326
39 114 0.0106796
39 116 0.00924823
39 118 0.00800866
39 120 0.00693523
39 122 0.00600568
39 124 0.00520071
39 126 0.00450363
40 0 0.745113
40 2 -0.080965
40 4 -0.988676
40 6 0.746325
40 8 -0.481622
40 10 0.588454
40 12 -0.916762
40 14 0.89166
40 16 0.0826457
40 18 -0.999123
40 20 -0.0606796
40 22 0.935855
40 24 0.737886
40 26 -0.123166
40 28 -0.812891
40 30 -0.995654
40 32 -0.756802
40 34 -0.316715
40 36 0.141539
40 38 0.517619
40 40 0.778472
40 42 0.929746
40 44 0.993281
40 46 0.993945
40 48 0.953581
40 50 0.889097
40 52 0.812571
40 54 0.732107
40 56 0.652828
40 58 0.577751
40 60 0.508471
40 62 0.445661
40 64 0.389418
40 66 0.3395
40 68 0.29548
40 70 0.256842
40 72 0.223044
40 74 0.193558
40 76 0.16788
40 78 0.145551
40 80 0.126154
40 82 0.109318
40 84 0.0947128
40 86 0.0820487
40 88 0.0710712
40 90 0.0615581
40 92 0.0533156
40 94 0.0461749
40 96 0.0399893
40 98 0.0346316
40 100 0.0299913
40 102 0.0259723
40 104 0.0224918
40 106 0.0194775
40 108 0.0168671
40 110 0.0146064
40 112 0.0126488
40 114 0.0109535
40 116 0.00948535
40 118 0.00821401
40 120 0.00711306
40 122 0.00615967
40 124 0.00533406
40 126 0.00461911
41 0 -0.158623
41 2 -0.811677
41 4 -0.621193
41 6 0.99689
41 8 -0.874714
41 10 0.8984
41 12 -0.999942
41 14 0.671198
41 16 0.388467
41 18 -0.973221
41 20 -0.29347
41 22 0.844336
41 24 0.845639
41 26 0.0305087
41 28 -0.728238
41 30 -0.999753
41 32 -0.818277
41 34 -0.397565
41 36 0.0669762
41 38 0.461006
41 40 0.741963
41 42 0.910721
41 44 0.987519
41 46 0.997294
41 48 0.962625
41 50 0.901296
41 52 0.826163
41 54 0.74594
41 56 0.666195
41 58 0.590251
41 60 0.519908
41 62 0.455969
41 64 0.398609
41 66 0.347633
41 68 0.302636
41 70 0.263112
41 72 0.228523
41 74 0.198333
41 76 0.172035
41 78 0.149163
41 80 0.12929
41 82 0.112039
41 84 0.0970732
41 86 0.0840951
41 88 0.0728449
41 90 0.063095
41 92 0.0546471
41 94 0.0473284
41 96 0.0409885
41 98 0.0354971
41 100 0.0307408
41 102 0.0266215
41 104 0.023054
41 106 0.0199643
41 108 0.0172887
41 110 0.0149716
41 112 0.012965
41 114 0.0112273
41 116 0.00972248
41 118 0.00841935
41 120 0.00729088
41 122 0.00631366
41 124 0.00546741
41 126 0.00473459
42 0 -0.916522
42 2 -0.970816
42 4 0.0795461
42 6 0.841636
42 8 -0.99841
42 10 0.999479
42 12 -0.907923
42 14 0.362221
42 16 0.655765
42 18 -0.874793
42 20 -0.509834
42 22 0.717337
42 24 0.92672
42 26 0.183461
42 28 -0.630654
42 30 -0.990535
42 32 -0.871576
42 34 -0.475434
42 36 -0.00796294
42 38 0.402448
42 40 0.703108
42 42 0.889536
42 44 0.980001
42 46 0.999313
42 48 0.970707
42 50 0.91282
42 52 0.83929
42 54 0.759459
42 56 0.679351
42 58 0.602611
42 60 0.531253
42 62 0.466216
42 64 0.40776
42 66 0.355739
42 68 0.309774
42 70 0.269371
42 72 0.233994
42 74 0.203103
42 76 0.176188
42 78 0.152773
42 80 0.132426
42 82 0.11476
42 84 0.0994331
42 86 0.0861412
42 88 0.0746183
42 90 0.0646318
42 92 0.0559786
42 94 0.0484818
42 96 0.0419877
42 98 0.0363625
42 100 0.0314903
42 102 0.0272706
42 104 0.0236161
42 106 0.0204512
42 108 0.0177103
42 110 0.0153367
42 112 0.0132812
42 114 0.0115011
42 116 0.0099596
42 118 0.0086247
42 120 0.0074687
42 122 0.00646765
42 124 0.00560076
42 126 0.00485007
43 0 -0.831775
43 2 -0.446317
43 4 0.73761
43 6 0.343765
43 8 -0.814615
43 10 0.868191
43 12 -0.656829
43 14 0.00547577
43 16 0.858031
43 18 -0.711174
43 20 -0.697662
43 22 0.560194
43 24 0.978574
43 26 0.332071
43 28 -0.521871
43 30 -0.968122
43 32 -0.916166
43 34 -0.549741
43 36 -0.0828573
43 38 0.342195
43 40 0.662031
43 42 0.866243
43 44 0.970741
43 46 1
43 48 0.977818
43 50 0.923659
43 52 0.851946
43 54 0.772657
43 56 0.692292
43 58 0.614828
43 60 0.542503
43 62 0.476401
43 64 0.416871
43 66 0.363819
43 68 0.316896
43 70 0.27562
43 72 0.239457
43 74 0.207869
43 76 0.180337
43 78 0.15638
43 80 0.135559
43 82 0.11748
43 84 0.101792
43 86 0.0881869
43 88 0.0763915
43 90 0.0661685
43 92 0.05731
43 94 0.0496352
43 96 0.0429868
43 98 0.0372279
43 100 0.0322399
43 102 0.0279198
43 104 0.0241783
43 106 0.0209381
43 108 0.018132
43 110 0.0157018
43 112 0.0135974
43 114 0.0117749
43 116 0.0101967
43 118 0.00883004
43 120 0.00764653
43 122 0.00662164
43 124 0.00573411
43 126 0.00496554
44 0 0.0177019
44 2 0.392473
44 4 0.999963
44 6 -0.294047
44 8 -0.379932
44 10 0.535059
44 12 -0.290654
44 14 -0.351992
44 16 0.975206
44 18 -0.494556
44 20 -0.846441
44 22 0.379511
44 24 0.999563
44 26 0.472823
44 28 -0.403822
44 30 -0.932814
44 32 -0.951602
44 34 -0.619928
44 36 -0.157286
44 38 0.280499
44 40 0.61886
44 42 0.840895
44 44 0.959755
44 46 0.999353
44 48 0.983952
44 50 0.933805
44 52 0.864123
44 54 0.785529
44 56 0.705014
44 58 0.6269
44 60 0.553657
44 62 0.486522
44 64 0.425939
44 66 0.371872
44 68 0.323999
44 70 0.281856
44 72 0.244913
44 74 0.21263
44 76 0.184484
44 78 0.159986
44 80 0.138692
44 82 0.120199
44 84 0.104151
44 86 0.0902322
44 88 0.0781645
44 90 0.0677049
44 92 0.0586413
44 94 0.0507885
44 96 0.0439858
44 98 0.0380932
44 100 0.0329894
44 102 0.0285689
44 104 0.0247405
44 106 0.0214249
44 108 0.0185536
44 110 0.016067
44 112 0.0139136
44 114 0.0120488
44 116 0.0104339
44 118 0.00903539
44 120 0.00782435
44 122 0.00677563
44 124 0.00586746
44 126 0.00508102
45 0 0.850904
45 2 0.954888
45 4 0.725857
45 6 -0.812157
45 8 0.171762
45 10 0.0775321
45 12 0.126447
45 14 -0.66304
45 16 0.995671
45 18 -0.241084
45 20 -0.947845
45 22 0.18288
45 24 0.989027
45 26 0.602384
45 28 -0.278603
45 30 -0.88508
45 32 -0.97753
45 34 -0.685468
45 36 -0.230831
45 38 0.21762
45 40 0.573733
45 42 0.813554
45 44 0.947062
45 46 0.997374
45 48 0.989102
45 50 0.943251
45 52 0.875813
45 54 0.79807
45 56 0.717513
45 58 0.638823
45 60 0.564712
45 62 0.496578
45 64 0.434966
45 66 0.379896
45 68 0.331084
45 70 0.28808
45 72 0.250361
45 74 0.217386
45 76 0.188627
45 78 0.16359
45 80 0.141823
45 82 0.122917
45 84 0.106509
45 86 0.0922772
45 88 0.0799372
45 90 0.0692412
45 92 0.0599725
45 94 0.0519418
45 96 0.0449848
45 98 0.0389585
45 100 0.0337388
45 102 0.029218
45 104 0.0253027
45 106 0.0219118
45 108 0.0189752
45 110 0.0164321
45 112 0.0142298
45 114 0.0123226
45 116 0.010671
45 118 0.00924073
45 120 0.00800217
45 122 0.00692961
45 124 0.00600081
45 126 0.0051965
46 0 0.901788
46 2 0.844883
46 4 0.0623451
46 6 -0.999651
46 8 0.670557
46 10 -0.39802
46 12 0.521394
46 14 -0.886648
46 16 0.917396
46 18 0.030355
46 20 -0.996196
46 22 -0.0214355
46 24 0.947298
46 26 0.717688
46 28 -0.148436
46 30 -0.825557
46 32 -0.993691
46 34 -0.745872
46 36 -0.303078
46 38 0.153824
46 40 0.526792
46 42 0.784285
46 44 0.932686
46 46 0.994065
46 48 0.993262
46 50 0.95199
46 52 0.887011
46 54 0.810275
46 56 0.729786
46 58 0.650594
46 60 0.575667
46 62 0.506568
46 64 0.443948
46 66 0.387892
46 68 0.338151
46 70 0.294293
46 72 0.255802
46 74 0.222136
46 76 0.192766
46 78 0.167191
46 80 0.144952
46 82 0.125634
46 84 0.108867
46 86 0.0943217
46 88 0.0817097
46 90 0.0707774
46 92 0.0613035
46 94 0.053095
46 96 0.0459838
46 98 0.0398238
46 100 0.0344883
46 102 0.0298671
46 104 0.0258648
46 106 0.0223986
46 108 0.0193968
46 110 0.0167972
46 112 0.014546
46 114 0.0125964
46 116 0.0109081
46 118 0.00944607
46 120 0.00817999
46 122 0.0070836
46 124 0.00613416
46 126 0.00531197
47 0 0.123573
47 2 0.139921
47 4 -0.634614
47 6 -0.780203
47 8 0.962833
47 10 -0.781037
47 12 0.824987
47 14 -0.993329
47 16 0.748142
47 18 0.299532
47 20 -0.988789
47 22 -0.224851
47 24 0.875691
47 26 0.816007
47 28 -0.0156339
47 30 -0.755037
47 32 -0.999923
47 34 -0.800686
47 36 -0.373621
47 38 0.0893795
47 40 0.478186
47 42 0.753155
47 44 0.916651
47 46 0.98943
47 48 0.99643
47 50 0.960015
47 52 0.897711
47 54 0.822138
47 56 0.741827
47 58 0.662211
47 60 0.58652
47 62 0.516491
47 64 0.452886
47 66 0.395859
47 68 0.345199
47 70 0.300493
47 72 0.261234
47 74 0.226882
47 76 0.196902
47 78 0.17079
47 80 0.14808
47 82 0.128351
47 84 0.111224
47 86 0.0963659
47 88 0.0834819
47 90 0.0723134
47 92 0.0626345
47 94 0.0542481
47 96 0.0469827
47 98 0.0406891
47 100 0.0352377
47 102 0.0305162
47 104 0.026427
47 106 0.0228855
47 108 0.0198184
47 110 0.0171623
47 112 0.0148622
47 114 0.0128702
47 116 0.0111452
47 118 0.00965142
47 120 0.00835782
47 122 0.00723759
47 124 0.00626751
47 126 0.00542745
48 0 -0.768255
48 2 -0.663572
48 4 -0.991116
48 6 -0.243146
48 8 0.958573
48 10 -0.982473
48 12 0.984036
48 14 -0.969012
48 16 0.504697
48 18 0.546386
48 20 -0.926038
48 22 -0.418817
48 24 0.776465
48 26 0.895014
48 28 0.117446
48 30 -0.674459
48 32 -0.996165
48 34 -0.8495
48 36 -0.442065
48 38 0.0245584
48 40 0.428068
48 42 0.72024
48 44 0.898986
48 46 0.983477
48 48 0.998601
48 50 0.967321
48 52 0.907905
48 54 0.833654
48 56 0.753634
48 58 0.673671
48 60 0.597268
48 62 0.526344
48 64 0.461779
48 66 0.403796
48 68 0.352227
48 70 0.30668
48 72 0.266658
48 74 0.231622
48 76 0.201035
48 78 0.174387
48 80 0.151207
48 82 0.131066
48 84 0.11358
48 86 0.0984097
48 88 0.0852538
48 90 0.0738492
48 92 0.0639653
48 94 0.0554012
48 96 0.0479816
48 98 0.0415543
48 100 0.0359871
48 102 0.0311653
48 104 0.0269891
48 106 0.0233723
48 108 0.02024
48 110 0.0175275
48 112 0.0151783
48 114 0.013144
48 116 0.0113823
48 118 0.00985676
48 120 0.00853564
48 122 0.00739158
48 124 0.00640086
48 126 0.00554293
49 0 -0.953753
49 2 -0.999785
49 4 -0.815907
49 6 0.392891
49 8 0.659091
49 10 -0.955495
49 12 0.970674
49 14 -0.816905
49 16 0.2112
49 18 0.752524
49 20 -0.811456
49 22 -0.595184
49 24 0.65275
49 26 0.952838
49 28 0.24844
49 30 -0.584897
49 32 -0.982453
49 34 -0.891947
49 36 -0.508024
49 38 -0.0403664
49 40 0.376597
49 42 0.685618
49 44 0.879723
49 46 0.976211
49 48 0.999774
49 50 0.973901
49 52 0.917589
49 54 0.844819
49 56 0.765203
49 58 0.684971
49 60 0.60791
49 62 0.536128
49 64 0.470626
49 66 0.411703
49 68 0.359235
49 70 0.312855
49 72 0.272074
49 74 0.236356
49 76 0.205164
49 78 0.177982
49 80 0.154332
49 82 0.13378
49 84 0.115936
49 86 0.100453
49 88 0.0870255
49 90 0.0753848
49 92 0.0652961
49 94 0.0565541
49 96 0.0489804
49 98 0.0424195
49 100 0.0367365
49 102 0.0318143
49 104 0.0275512
49 106 0.0238591
49 108 0.0206617
49 110 0.0178926
49 112 0.0154945
49 114 0.0134179
49 116 0.0116195
49 118 0.0100621
49 120 0.00871346
49 122 0.00754557
49 124 0.00653421
49 126 0.0056584
50 0 -0.262375
50 2 -0.631961
50 4 -0.202981
50 6 0.868989
50 8 0.15662
50 10 -0.706376
50 12 0.787242
50 14 -0.557067
50 16 -0.103241
50 18 0.902581
50 20 -0.651456
50 22 -0.74654
50 24 0.508448
50 26 0.988112
50 28 0.375023
50 30 -0.487545
50 32 -0.958924
50 34 -0.927709
50 36 -0.571127
50 38 -0.105121
50 40 0.323935
50 42 0.649369
50 44 0.858896
50 46 0.967645
50 48 0.999947
50 50 0.97975
50 52 0.926757
50 54 0.855628
50 56 0.77653
50 58 0.696109
50 60 0.618444
50 62 0.54584
50 64 0.479426
50 66 0.41958
50 68 0.366223
50 70 0.319016
50 72 0.277481
50 74 0.241085
50 76 0.209289
50 78 0.181574
50 80 0.157456
50 82 0.136494
50 84 0.118291
50 86 0.102496
50 88 0.0887969
50 90 0.0769203
50 92 0.0666267
50 94 0.057707
50 96 0.0499792
50 98 0.0432847
50 100 0.0374859
50 102 0.0324634
50 104 0.0281134
50 106 0.024346
50 108 0.0210833
50 110 0.0182577
50 112 0.0158107
50 114 0.0136917
50 116 0.0118566
50 118 0.0102674
50 120 0.00889128
50 122 0.00769956
50 124 0.00666756
50 126 0.00577388
51 0 0.670229
51 2 0.180882
51 4 0.518839
51 6 0.991335
51 8 -0.394087
51 10 -0.293033
51 12 0.465878
51 14 -0.223765
51 16 -0.407443
51 18 0.985376
51 20 -0.454993
51 22 -0.866526
51 24 0.348109
51 26 1
51 28 0.494947
51 30 -0.383698
51 32 -0.925815
51 34 -0.956519
51 36 -0.63102
51 38 -0.169432
51 40 0.270249
51 42 0.611582
51 44 0.836542
51 46 0.957788
51 48 0.99912
51 50 0.984865
51 52 0.935404
51 54 0.866076
51 56 0.787611
51 58 0.707082
51 60 0.628868
51 62 0.555479
51 64 0.488177
51 66 0.427424
51 68 0.373191
51 70 0.325164
51 72 0.282879
51 74 0.245808
51 76 0.213411
51 78 0.185164
51 80 0.160578
51 82 0.139206
51 84 0.120645
51 86 0.104538
51 88 0.090568
51 90 0.0784555
51 92 0.0679572
51 94 0.0588598
51 96 0.0509779
51 98 0.0441498
51 100 0.0382353
51 102 0.0331124
51 104 0.0286755
51 106 0.0248328
51 108 0.0215049
51 110 0.0186228
51 112 0.0161269
51 114 0.0139655
51 116 0.0120937
51 118 0.0104728
51 120 0.0090691
51 122 0.00785354
51 124 0.00680091
51 126 0.00588935
52 0 0.986628
52 2 0.86635
52 4 0.962314
52 6 0.710124
52 8 -0.823422
52 10 0.188437
52 12 0.0628889
52 14 0.139047
52 16 -0.67124
52 18 0.99474
52 20 -0.233064
52 22 -0.950099
52 24 0.176791
52 26 0.988221
52 28 0.606082
52 30 -0.27474
52 32 -0.883455
52 34 -0.978161
52 36 -0.687367
52 38 -0.23303
52 40 0.215709
52 42 0.572344
52 44 0.8127
52 46 0.946653
52 48 0.997294
52 50 0.989242
52 52 0.943525
52 54 0.876158
52 56 0.798443
52 58 0.717887
52 60 0.63918
52 62 0.565044
52 64 0.49688
52 66 0.435237
52 68 0.380138
52 70 0.331298
52 72 0.288268
52 74 0.250526
52 76 0.217529
52 78 0.188751
52 80 0.163698
52 82 0.141917
52 84 0.122999
52 86 0.10658
52 88 0.0923388
52 90 0.0799906
52 92 0.0692876
52 94 0.0600126
52 96 0.0519766
52 98 0.0450149
52 100 0.0389846
52 102 0.0337614
52 104 0.0292376
52 106 0.0253196
52 108 0.0219265
52 110 0.0189879
52 112 0.0164431
52 114 0.0142393
52 116 0.0123308
52 118 0.0106781
52 120 0.00924692
52 122 0.00800753
52 124 0.00693426
52 126 0.00600483
53 0 0.395925
53 2 0.941745
53 4 0.889528
53 6 0.139833
53 8 -0.999158
53 10 0.626097
53 12 -0.351119
53 14 0.483521
53 16 -0.86847
53 18 0.929973
53 20 0.00191002
53 22 -0.993747
53 24 -0.000102912
53 26 0.953054
53 28 0.706456
53 30 -0.162122
53 32 -0.832267
53 34 -0.992472
53 36 -0.73985
53 38 -0.295644
53 40 0.160487
53 42 0.531749
53 44 0.787413
53 46 0.934257
53 48 0.99447
53 50 0.992876
53 52 0.951116
53 54 0.885871
53 56 0.809023
53 58 0.728521
53 60 0.649378
53 62 0.574534
53 64 0.505533
53 66 0.443017
53 68 0.387063
53 70 0.337418
53 72 0.293648
53 74 0.255237
53 76 0.221643
53 78 0.192336
53 80 0.166817
53 82 0.144627
53 84 0.125352
53 86 0.108622
53 88 0.0941093
53 90 0.0815255
53 92 0.0706178
53 94 0.0611652
53 96 0.0529752
53 98 0.04588
53 100 0.0397339
53 102 0.0344104
53 104 0.0297997
53 106 0.0258064
53 108 0.0223481
53 110 0.019353
53 112 0.0167593
53 114 0.0145131
53 116 0.0125679
53 118 0.0108835
53 120 0.00942474
53 122 0.00816152
53 124 0.0070676
53 126 0.00612031
54 0 -0.558789
54 2 0.353974
54 4 0.33953
54 6 -0.487382
54 8 -0.867172
54 10 0.918197
54 12 -0.703608
54 14 0.76423
54 16 -0.979575
54 18 0.795903
54 20 0.236777
54 22 -0.995636
54 24 -0.176993
54 26 0.895331
54 28 0.794285
54 30 -0.0473449
54 32 -0.772765
54 34 -0.999346
54 36 -0.788174
54 38 -0.357013
54 40 0.104757
54 42 0.489894
54 44 0.760726
54 46 0.920615
54 48 0.990653
54 50 0.995766
54 52 0.958171
54 54 0.895211
54 56 0.819347
54 58 0.738984
54 60 0.659461
54 62 0.583947
54 64 0.514136
54 66 0.450764
54 68 0.393966
54 70 0.343523
54 72 0.299019
54 74 0.259942
54 76 0.225753
54 78 0.195919
54 80 0.169934
54 82 0.147336
54 84 0.127705
54 86 0.110663
54 88 0.0958796
54 90 0.0830602
54 92 0.0719479
54 94 0.0623178
54 96 0.0539738
54 98 0.046745
54 100 0.0404832
54 102 0.0350594
54 104 0.0303618
54 106 0.0262932
54 108 0.0227696
54 110 0.0197181
54 112 0.0170755
54 114 0.0147869
54 116 0.0128051
54 118 0.0110888
54 120 0.00960256
54 122 0.00831551
54 124 0.00720095
54 126 0.00623578
55 0 -0.999755
55 2 -0.483062
55 4 -0.392619
55 6 -0.916191
55 8 -0.468113
55 10 0.996828
55 12 -0.932819
55 14 0.944155
55 16 -0.993535
55 18 0.60252
55 20 0.458392
55 22 -0.955687
55 24 -0.348302
55 26 0.816419
55 28 0.868011
55 30 0.0680629
55 32 -0.70554
55 34 -0.998729
55 36 -0.832068
55 38 -0.416877
55 40 0.0486961
55 42 0.446877
55 44 0.732687
55 46 0.905745
55 48 0.985845
55 50 0.99791
55 52 0.964688
55 54 0.904173
55 56 0.829412
55 58 0.74927
55 60 0.669427
55 62 0.593282
55 64 0.522687
55 66 0.458477
55 68 0.400848
55 70 0.349615
55 72 0.30438
55 74 0.264641
55 76 0.229859
55 78 0.199498
55 80 0.17305
55 82 0.150044
55 84 0.130056
55 86 0.112704
55 88 0.0976495
55 90 0.0845947
55 92 0.0732779
55 94 0.0634703
55 96 0.0549723
55 98 0.04761
55 100 0.0412325
55 102 0.0357084
55 104 0.0309238
55 106 0.02678
55 108 0.0231912
55 110 0.0200832
55 112 0.0173917
55 114 0.0150607
55 116 0.0130422
55 118 0.0112941
55 120 0.00978038
55 122 0.00846949
55 124 0.0073343
55 126 0.00635126
56 0 -0.521551
56 2 -0.97993
56 4 -0.914136
56 6 -0.972034
56 8 0.0751169
56 10 0.843707
56 12 -0.998593
56 14 0.999568
56 16 -0.908968
56 18 0.364237
56 20 0.65435
56 22 -0.875578
56 24 -0.508625
56 26 0.718184
56 28 0.926324
56 30 0.182564
56 32 -0.631267
56 34 -0.990629
56 36 -0.871285
56 38 -0.474983
56 40 -0.0075187
56 42 0.402801
56 44 0.703345
56 46 0.889668
56 48 0.980051
56 50 0.999305
56 52 0.970662
56 54 0.912753
56 56 0.839214
56 58 0.759379
56 60 0.679273
56 62 0.602538
56 64 0.531186
56 66 0.466155
56 68 0.407706
56 70 0.355691
56 72 0.309732
56 74 0.269334
56 76 0.233961
56 78 0.203075
56 80 0.176163
56 82 0.152751
56 84 0.132407
56 86 0.114744
56 88 0.0994191
56 90 0.086129
56 92 0.0746078
56 94 0.0646227
56 96 0.0559707
56 98 0.048475
56 100 0.0419817
56 102 0.0363574
56 104 0.0314859
56 106 0.0272668
56 108 0.0236128
56 110 0.0204483
56 112 0.0177078
56 114 0.0153345
56 116 0.0132793
56 118 0.0114995
56 120 0.0099582
56 122 0.00862348
56 124 0.00746765
56 126 0.00646673
57 0 0.436165
57 2 -0.786744
57 4 -0.945239
57 6 -0.632176
57 8 0.595212
57 10 0.494435
57 12 -0.889404
57 14 0.923161
57 16 -0.734258
57 18 0.0988099
57 20 0.813683
57 22 -0.758676
57 24 -0.652906
57 26 0.602952
57 28 0.968189
57 30 0.294634
57 32 -0.550686
57 34 -0.975104
57 36 -0.905605
57 38 -0.531087
57 40 -0.0637097
57 42 0.357769
57 44 0.672752
57 46 0.872404
57 48 0.973277
57 50 0.999951
57 52 0.976091
57 54 0.920949
57 56 0.848751
57 58 0.769309
57 60 0.688999
57 62 0.611714
57 64 0.539632
57 66 0.473799
57 68 0.414542
57 70 0.361753
57 72 0.315074
57 74 0.274021
57 76 0.238059
57 78 0.206649
57 80 0.179275
57 82 0.155457
57 84 0.134757
57 86 0.116784
57 88 0.101188
57 90 0.0876631
57 92 0.0759375
57 94 0.0657751
57 96 0.0569691
57 98 0.0493399
57 100 0.042731
57 102 0.0370063
57 104 0.032048
57 106 0.0277536
57 108 0.0240344
57 110 0.0208134
57 112 0.018024
57 114 0.0156084
57 116 0.0135164
57 118 0.0117048
57 120 0.010136
57 122 0.00877747
57 124 0.007601
57 126 0.00658221
58 0 0.992873
58 2 -0.0395414
58 4 -0.469243
58 6 -0.0349701
58 8 0.931992
58 10 0.0302128
58 12 -0.624385
58 14 0.72501
58 16 -0.486733
58 18 -0.173981
58 20 0.927473
58 22 -0.609893
58 24 -0.776595
58 26 0.473451
58 28 0.992862
58 30 0.402778
58 32 -0.464602
58 34 -0.952271
58 36 -0.934835
58 38 -0.584952
58 40 -0.119699
58 42 0.311889
58 44 0.640964
58 46 0.853978
58 48 0.96553
58 50 0.999847
58 52 0.98097
58 54 0.928757
58 56 0.85802
58 58 0.779055
58 60 0.698602
58 62 0.620808
58 64 0.548024
58 66 0.481407
58 68 0.421355
58 70 0.367799
58 72 0.320406
58 74 0.278701
58 76 0.242153
58 78 0.210221
58 80 0.182386
58 82 0.158161
58 84 0.137106
58 86 0.118823
58 88 0.102957
58 90 0.089197
58 92 0.0772672
58 94 0.0669273
58 96 0.0579675
58 98 0.0502048
58 100 0.0434802
58 102 0.0376552
58 104 0.03261
58 106 0.0282404
58 108 0.024456
58 110 0.0211785
58 112 0.0183402
58 114 0.0158822
58 116 0.0137535
58 118 0.0119102
58 120 0.0103138
58 122 0.00893146
58 124 0.00773435
58 126 0.00669769
59 0 0.636738
59 2 0.735506
59 4 0.258492
59 6 0.576472
59 8 0.981736
59 10 -0.441034
59 12 -0.249968
59 14 0.431248
59 16 -0.190938
59 18 -0.433806
59 20 0.989352
59 22 -0.435481
59 24 -0.87579
59 26 0.332744
59 28 0.999905
59 30 0.505558
59 32 -0.373877
59 34 -0.922302
59 36 -0.95881
59 38 -0.636351
59 40 -0.175311
59 42 0.26527
59 44 0.608035
59 46 0.834412
59 48 0.956817
59 50 0.998993
59 52 0.985298
59 54 0.936173
59 56 0.867017
59 58 0.788617
59 60 0.708082
59 62 0.62982
59 64 0.556361
59 66 0.488979
59 68 0.428144
59 70 0.37383
59 72 0.325728
59 74 0.283374
59 76 0.246242
59 78 0.21379
59 80 0.185494
59 82 0.160865
59 84 0.139455
59 86 0.120862
59 88 0.104726
59 90 0.0907307
59 92 0.0785966
59 94 0.0680794
59 96 0.0589658
59 98 0.0510697
59 100 0.0442293
59 102 0.0383041
59 104 0.0331721
59 106 0.0287271
59 108 0.0248775
59 110 0.0215436
59 112 0.0186564
59 114 0.016156
59 116 0.0139906
59 118 0.0121155
59 120 0.0104917
59 122 0.00908544
59 124 0.00786769
59 126 0.00681316
60 0 -0.304811
60 2 0.992618
60 4 0.847552
60 6 0.953241
60 8 0.729123
60 10 -0.809745
60 12 0.168245
60 14 0.0806134
60 16 0.123792
60 18 -0.661303
60 20 0.995856
60 22 -0.24277
60 24 -0.947364
60 26 0.184162
60 28 0.989193
60 30 0.601603
60 32 -0.279415
60 34 -0.885421
60 36 -0.977396
60 38 -0.685068
60 40 -0.230367
60 42 0.218022
60 44 0.574026
60 46 0.813734
60 48 0.947148
60 50 0.997391
60 52 0.989072
60 54 0.943194
60 56 0.875741
60 58 0.797992
60 60 0.717435
60 62 0.638747
60 64 0.564642
60 66 0.496514
60 68 0.434908
60 70 0.379845
60 72 0.331039
60 74 0.288041
60 76 0.250327
60 78 0.217356
60 80 0.1886
60 82 0.163567
60 84 0.141803
60 86 0.1229
60 88 0.106494
60 90 0.0922642
60 92 0.0799259
60 94 0.0692315
60 96 0.059964
60 98 0.0519345
60 100 0.0449785
60 102 0.038953
60 104 0.0337341
60 106 0.0292139
60 108 0.0252991
60 110 0.0219087
60 112 0.0189725
60 114 0.0164298
60 116 0.0142278
60 118 0.0123208
60 120 0.0106695
60 122 0.00923943
60 124 0.00800104
60 126 0.00692864
61 0 -0.966118
61 2 0.550741
61 4 0.981919
61 6 0.941961
61 8 0.251954
61 10 -0.9902
61 12 0.55698
61 14 -0.280652
61 16 0.426245
61 18 -0.839519
61 20 0.94662
61 22 -0.0398574
61 24 -0.989058
61 26 0.0312211
61 28 0.960917
61 30 0.689635
61 32 -0.182163
61 34 -0.841905
61 36 -0.990488
61 38 -0.730897
61 40 -0.284696
61 42 0.170257
61 44 0.538995
61 46 0.791971
61 48 0.936532
61 50 0.99504
61 52 0.99229
61 54 0.949817
61 56 0.884187
61 58 0.807178
61 60 0.72666
61 62 0.64759
61 64 0.572867
61 66 0.504013
61 68 0.441649
61 70 0.385844
61 72 0.33634
61 74 0.292701
61 76 0.254407
61 78 0.220919
61 80 0.191705
61 82 0.166268
61 84 0.14415
61 86 0.124938
61 88 0.108262
61 90 0.0937974
61 92 0.0812551
61 94 0.0703835
61 96 0.0609622
61 98 0.0527993
61 100 0.0457276
61 102 0.0396019
61 104 0.0342961
61 106 0.0297006
61 108 0.0257207
61 110 0.0222738
61 112 0.0192887
61 114 0.0167036
61 116 0.0144649
61 118 0.0125262
61 120 0.0108473
61 122 0.00939341
61 124 0.00813439
61 126 0.00704411
62 0 -0.739181
62 2 -0.278962
62 4 0.589507
62 6 0.547223
62 8 -0.302813
62 10 -0.940446
62 12 0.848128
62 14 -0.604906
62 16 0.686428
62 18 -0.955171
62 20 0.844401
62 22 0.16473
62 24 -0.999557
62 26 -0.122458
62 28 0.915579
62 30 0.76848
62 32 -0.0830894
62 34 -0.792078
62 36 -0.998013
62 38 -0.773645
62 40 -0.338125
62 42 0.122089
62 44 0.503007
62 46 0.769152
62 48 0.924979
62 50 0.991943
62 52 0.99495
62 54 0.95604
62 56 0.892354
62 58 0.816172
62 60 0.735757
62 62 0.656346
62 64 0.581035
62 66 0.511473
62 68 0.448364
62 70 0.391827
62 72 0.341631
62 74 0.297354
62 76 0.258483
62 78 0.224479
62 80 0.194808
62 82 0.168968
62 84 0.146496
62 86 0.126975
62 88 0.11003
62 90 0.0953305
62 92 0.0825842
62 94 0.0715353
62 96 0.0619603
62 98 0.053664
62 100 0.0464767
62 102 0.0402508
62 104 0.0348581
62 106 0.0301874
62 108 0.0261422
62 110 0.0226389
62 112 0.0196049
62 114 0.0169774
62 116 0.014702
62 118 0.0127315
62 120 0.0110251
62 122 0.0095474
62 124 0.00826774
62 126 0.00715959
63 0 0.167356
63 2 -0.912223
63 4 -0.119162
63 6 -0.0702803
63 8 -0.764319
63 10 -0.672049
63 12 0.990677
63 14 -0.849386
63 16 0.878538
63 18 -0.999643
63 20 0.69492
63 22 0.362396
63 24 -0.978531
63 26 -0.27324
63 28 0.853983
63 30 0.83709
63 32 0.0168139
63 34 -0.736316
63 36 -0.999929
63 38 -0.813131
63 40 -0.390484
63 42 0.0736305
63 44 0.466124
63 46 0.745307
63 48 0.912501
63 50 0.988103
63 52 0.99705
63 54 0.96186
63 56 0.900238
63 58 0.824973
63 60 0.744722
63 62 0.665014
63 64 0.589145
63 66 0.518895
63 68 0.455054
63 70 0.397793
63 72 0.346911
63 74 0.302
63 76 0.262555
63 78 0.228036
63 80 0.197908
63 82 0.171666
63 84 0.148841
63 86 0.129011
63 88 0.111797
63 90 0.0968633
63 92 0.0839131
63 94 0.0726871
63 96 0.0629583
63 98 0.0545287
63 100 0.0472258
63 102 0.0408996
63 104 0.0354201
63 106 0.0306741
63 108 0.0265638
63 110 0.0230039
63 112 0.019921
63 114 0.0172512
63 116 0.0149391
63 118 0.0129368
63 120 0.0112029
63 122 0.00970139
63 124 0.00840109
63 126 0.00727506
